1.590000000000000036e+01 0.000000000000000000e+00 1.590000000000000036e+01 0.000000000000000000e+00 1.590000000000000036e+01 0.000000000000000000e+00 1.590000000000000036e+01 0.000000000000000000e+00 1.590000000000000036e+01 0.000000000000000000e+00
1.574099999999999966e+01 1.590000000000000024e-01 1.574099999999999966e+01 1.590000000000000024e-01 1.574099999999999966e+01 1.590000000000000024e-01 1.574099999999999966e+01 1.590000000000000024e-01 1.574099999999999966e+01 1.590000000000000024e-01
1.558200000000000074e+01 3.180000000000000049e-01 1.558200000000000074e+01 3.180000000000000049e-01 1.558200000000000074e+01 3.180000000000000049e-01 1.558200000000000074e+01 3.180000000000000049e-01 1.558200000000000074e+01 3.180000000000000049e-01
1.542300000000000004e+01 4.769999999999999796e-01 1.542300000000000004e+01 4.769999999999999796e-01 1.542300000000000004e+01 4.769999999999999796e-01 1.542300000000000004e+01 4.769999999999999796e-01 1.542300000000000004e+01 4.769999999999999796e-01
1.526399999999999935e+01 6.360000000000000098e-01 1.526399999999999935e+01 6.360000000000000098e-01 1.526399999999999935e+01 6.360000000000000098e-01 1.526399999999999935e+01 6.360000000000000098e-01 1.526399999999999935e+01 6.360000000000000098e-01
1.510500000000000043e+01 7.950000000000000400e-01 1.510500000000000043e+01 7.950000000000000400e-01 1.510500000000000043e+01 7.950000000000000400e-01 1.510500000000000043e+01 7.950000000000000400e-01 1.510500000000000043e+01 7.950000000000000400e-01
1.494599999999999973e+01 9.539999999999999591e-01 1.494599999999999973e+01 9.539999999999999591e-01 1.494599999999999973e+01 9.539999999999999591e-01 1.494599999999999973e+01 9.539999999999999591e-01 1.494599999999999973e+01 9.539999999999999591e-01
1.478699999999999903e+01 1.113000000000000211e+00 1.478699999999999903e+01 1.113000000000000211e+00 1.478699999999999903e+01 1.113000000000000211e+00 1.478699999999999903e+01 1.113000000000000211e+00 1.478699999999999903e+01 1.113000000000000211e+00
1.462800000000000011e+01 1.272000000000000020e+00 1.462800000000000011e+01 1.272000000000000020e+00 1.462800000000000011e+01 1.272000000000000020e+00 1.462800000000000011e+01 1.272000000000000020e+00 1.462800000000000011e+01 1.272000000000000020e+00
1.446900000000000119e+01 1.431000000000000050e+00 1.446900000000000119e+01 1.431000000000000050e+00 1.446900000000000119e+01 1.431000000000000050e+00 1.446900000000000119e+01 1.431000000000000050e+00 1.446900000000000119e+01 1.431000000000000050e+00
1.431000000000000050e+01 1.590000000000000080e+00 1.431000000000000050e+01 1.590000000000000080e+00 1.431000000000000050e+01 1.590000000000000080e+00 1.431000000000000050e+01 1.590000000000000080e+00 1.431000000000000050e+01 1.590000000000000080e+00
1.415099999999999980e+01 1.749000000000000110e+00 1.415099999999999980e+01 1.749000000000000110e+00 1.415099999999999980e+01 1.749000000000000110e+00 1.415099999999999980e+01 1.749000000000000110e+00 1.415099999999999980e+01 1.749000000000000110e+00
1.399200000000000088e+01 1.907999999999999918e+00 1.399200000000000088e+01 1.907999999999999918e+00 1.399200000000000088e+01 1.907999999999999918e+00 1.399200000000000088e+01 1.907999999999999918e+00 1.399200000000000088e+01 1.907999999999999918e+00
1.383300000000000018e+01 2.067000000000000171e+00 1.383300000000000018e+01 2.067000000000000171e+00 1.383300000000000018e+01 2.067000000000000171e+00 1.383300000000000018e+01 2.067000000000000171e+00 1.383300000000000018e+01 2.067000000000000171e+00
1.367399999999999949e+01 2.226000000000000423e+00 1.367399999999999949e+01 2.226000000000000423e+00 1.367399999999999949e+01 2.226000000000000423e+00 1.367399999999999949e+01 2.226000000000000423e+00 1.367399999999999949e+01 2.226000000000000423e+00
1.351500000000000057e+01 2.384999999999999787e+00 1.351500000000000057e+01 2.384999999999999787e+00 1.351500000000000057e+01 2.384999999999999787e+00 1.351500000000000057e+01 2.384999999999999787e+00 1.351500000000000057e+01 2.384999999999999787e+00
1.335599999999999987e+01 2.544000000000000039e+00 1.335599999999999987e+01 2.544000000000000039e+00 1.335599999999999987e+01 2.544000000000000039e+00 1.335599999999999987e+01 2.544000000000000039e+00 1.335599999999999987e+01 2.544000000000000039e+00
1.319699999999999918e+01 2.703000000000000291e+00 1.319699999999999918e+01 2.703000000000000291e+00 1.319699999999999918e+01 2.703000000000000291e+00 1.319699999999999918e+01 2.703000000000000291e+00 1.319699999999999918e+01 2.703000000000000291e+00
1.303800000000000203e+01 2.862000000000000099e+00 1.303800000000000203e+01 2.862000000000000099e+00 1.303800000000000203e+01 2.862000000000000099e+00 1.303800000000000203e+01 2.862000000000000099e+00 1.303800000000000203e+01 2.862000000000000099e+00
1.287900000000000134e+01 3.020999999999999908e+00 1.287900000000000134e+01 3.020999999999999908e+00 1.287900000000000134e+01 3.020999999999999908e+00 1.287900000000000134e+01 3.020999999999999908e+00 1.287900000000000134e+01 3.020999999999999908e+00
1.272000000000000064e+01 3.180000000000000160e+00 1.272000000000000064e+01 3.180000000000000160e+00 1.272000000000000064e+01 3.180000000000000160e+00 1.272000000000000064e+01 3.180000000000000160e+00 1.272000000000000064e+01 3.180000000000000160e+00
1.256100000000000172e+01 3.338999999999999968e+00 1.256100000000000172e+01 3.338999999999999968e+00 1.256100000000000172e+01 3.338999999999999968e+00 1.256100000000000172e+01 3.338999999999999968e+00 1.256100000000000172e+01 3.338999999999999968e+00
1.240200000000000102e+01 3.498000000000000220e+00 1.240200000000000102e+01 3.498000000000000220e+00 1.240200000000000102e+01 3.498000000000000220e+00 1.240200000000000102e+01 3.498000000000000220e+00 1.240200000000000102e+01 3.498000000000000220e+00
1.224300000000000033e+01 3.657000000000000028e+00 1.224300000000000033e+01 3.657000000000000028e+00 1.224300000000000033e+01 3.657000000000000028e+00 1.224300000000000033e+01 3.657000000000000028e+00 1.224300000000000033e+01 3.657000000000000028e+00
1.208399999999999963e+01 3.815999999999999837e+00 1.208399999999999963e+01 3.815999999999999837e+00 1.208399999999999963e+01 3.815999999999999837e+00 1.208399999999999963e+01 3.815999999999999837e+00 1.208399999999999963e+01 3.815999999999999837e+00
1.192500000000000071e+01 3.975000000000000089e+00 1.192500000000000071e+01 3.975000000000000089e+00 1.192500000000000071e+01 3.975000000000000089e+00 1.192500000000000071e+01 3.975000000000000089e+00 1.192500000000000071e+01 3.975000000000000089e+00
1.176600000000000001e+01 4.134000000000000341e+00 1.176600000000000001e+01 4.134000000000000341e+00 1.176600000000000001e+01 4.134000000000000341e+00 1.176600000000000001e+01 4.134000000000000341e+00 1.176600000000000001e+01 4.134000000000000341e+00
1.160699999999999932e+01 4.293000000000000149e+00 1.160699999999999932e+01 4.293000000000000149e+00 1.160699999999999932e+01 4.293000000000000149e+00 1.160699999999999932e+01 4.293000000000000149e+00 1.160699999999999932e+01 4.293000000000000149e+00
1.144800000000000040e+01 4.452000000000000846e+00 1.144800000000000040e+01 4.452000000000000846e+00 1.144800000000000040e+01 4.452000000000000846e+00 1.144800000000000040e+01 4.452000000000000846e+00 1.144800000000000040e+01 4.452000000000000846e+00
1.128899999999999970e+01 4.610999999999999766e+00 1.128899999999999970e+01 4.610999999999999766e+00 1.128899999999999970e+01 4.610999999999999766e+00 1.128899999999999970e+01 4.610999999999999766e+00 1.128899999999999970e+01 4.610999999999999766e+00
1.112999999999999901e+01 4.769999999999999574e+00 1.112999999999999901e+01 4.769999999999999574e+00 1.112999999999999901e+01 4.769999999999999574e+00 1.112999999999999901e+01 4.769999999999999574e+00 1.112999999999999901e+01 4.769999999999999574e+00
1.097100000000000009e+01 4.929000000000000270e+00 1.097100000000000009e+01 4.929000000000000270e+00 1.097100000000000009e+01 4.929000000000000270e+00 1.097100000000000009e+01 4.929000000000000270e+00 1.097100000000000009e+01 4.929000000000000270e+00
1.081199999999999939e+01 5.088000000000000078e+00 1.081199999999999939e+01 5.088000000000000078e+00 1.081199999999999939e+01 5.088000000000000078e+00 1.081199999999999939e+01 5.088000000000000078e+00 1.081199999999999939e+01 5.088000000000000078e+00
1.065299999999999869e+01 5.247000000000000774e+00 1.065299999999999869e+01 5.247000000000000774e+00 1.065299999999999869e+01 5.247000000000000774e+00 1.065299999999999869e+01 5.247000000000000774e+00 1.065299999999999869e+01 5.247000000000000774e+00
1.049399999999999977e+01 5.406000000000000583e+00 1.049399999999999977e+01 5.406000000000000583e+00 1.049399999999999977e+01 5.406000000000000583e+00 1.049399999999999977e+01 5.406000000000000583e+00 1.049399999999999977e+01 5.406000000000000583e+00
1.033499999999999908e+01 5.565000000000000391e+00 1.033499999999999908e+01 5.565000000000000391e+00 1.033499999999999908e+01 5.565000000000000391e+00 1.033499999999999908e+01 5.565000000000000391e+00 1.033499999999999908e+01 5.565000000000000391e+00
1.017600000000000016e+01 5.724000000000000199e+00 1.017600000000000016e+01 5.724000000000000199e+00 1.017600000000000016e+01 5.724000000000000199e+00 1.017600000000000016e+01 5.724000000000000199e+00 1.017600000000000016e+01 5.724000000000000199e+00
1.001699999999999946e+01 5.883000000000000007e+00 1.001699999999999946e+01 5.883000000000000007e+00 1.001699999999999946e+01 5.883000000000000007e+00 1.001699999999999946e+01 5.883000000000000007e+00 1.001699999999999946e+01 5.883000000000000007e+00
9.858000000000000540e+00 6.041999999999999815e+00 9.858000000000000540e+00 6.041999999999999815e+00 9.858000000000000540e+00 6.041999999999999815e+00 9.858000000000000540e+00 6.041999999999999815e+00 9.858000000000000540e+00 6.041999999999999815e+00
9.698999999999999844e+00 6.201000000000000512e+00 9.698999999999999844e+00 6.201000000000000512e+00 9.698999999999999844e+00 6.201000000000000512e+00 9.698999999999999844e+00 6.201000000000000512e+00 9.698999999999999844e+00 6.201000000000000512e+00
9.539999999999999147e+00 6.360000000000000320e+00 9.539999999999999147e+00 6.360000000000000320e+00 9.539999999999999147e+00 6.360000000000000320e+00 9.539999999999999147e+00 6.360000000000000320e+00 9.539999999999999147e+00 6.360000000000000320e+00
9.381000000000000227e+00 6.519000000000001016e+00 9.381000000000000227e+00 6.519000000000001016e+00 9.381000000000000227e+00 6.519000000000001016e+00 9.381000000000000227e+00 6.519000000000001016e+00 9.381000000000000227e+00 6.519000000000001016e+00
9.222000000000001307e+00 6.677999999999999936e+00 9.222000000000001307e+00 6.677999999999999936e+00 9.222000000000001307e+00 6.677999999999999936e+00 9.222000000000001307e+00 6.677999999999999936e+00 9.222000000000001307e+00 6.677999999999999936e+00
9.063000000000000611e+00 6.836999999999999744e+00 9.063000000000000611e+00 6.836999999999999744e+00 9.063000000000000611e+00 6.836999999999999744e+00 9.063000000000000611e+00 6.836999999999999744e+00 9.063000000000000611e+00 6.836999999999999744e+00
8.904000000000001691e+00 6.996000000000000441e+00 8.904000000000001691e+00 6.996000000000000441e+00 8.904000000000001691e+00 6.996000000000000441e+00 8.904000000000001691e+00 6.996000000000000441e+00 8.904000000000001691e+00 6.996000000000000441e+00
8.745000000000000995e+00 7.155000000000000249e+00 8.745000000000000995e+00 7.155000000000000249e+00 8.745000000000000995e+00 7.155000000000000249e+00 8.745000000000000995e+00 7.155000000000000249e+00 8.745000000000000995e+00 7.155000000000000249e+00
8.586000000000000298e+00 7.314000000000000057e+00 8.586000000000000298e+00 7.314000000000000057e+00 8.586000000000000298e+00 7.314000000000000057e+00 8.586000000000000298e+00 7.314000000000000057e+00 8.586000000000000298e+00 7.314000000000000057e+00
8.427000000000001378e+00 7.473000000000000753e+00 8.427000000000001378e+00 7.473000000000000753e+00 8.427000000000001378e+00 7.473000000000000753e+00 8.427000000000001378e+00 7.473000000000000753e+00 8.427000000000001378e+00 7.473000000000000753e+00
8.268000000000000682e+00 7.631999999999999673e+00 8.268000000000000682e+00 7.631999999999999673e+00 8.268000000000000682e+00 7.631999999999999673e+00 8.268000000000000682e+00 7.631999999999999673e+00 8.268000000000000682e+00 7.631999999999999673e+00
8.108999999999999986e+00 7.791000000000000369e+00 8.108999999999999986e+00 7.791000000000000369e+00 8.108999999999999986e+00 7.791000000000000369e+00 8.108999999999999986e+00 7.791000000000000369e+00 8.108999999999999986e+00 7.791000000000000369e+00
7.950000000000000178e+00 7.950000000000000178e+00 7.950000000000000178e+00 7.950000000000000178e+00 7.950000000000000178e+00 7.950000000000000178e+00 7.950000000000000178e+00 7.950000000000000178e+00 7.950000000000000178e+00 7.950000000000000178e+00
7.791000000000000369e+00 8.108999999999999986e+00 7.791000000000000369e+00 8.108999999999999986e+00 7.791000000000000369e+00 8.108999999999999986e+00 7.791000000000000369e+00 8.108999999999999986e+00 7.791000000000000369e+00 8.108999999999999986e+00
7.631999999999999673e+00 8.268000000000000682e+00 7.631999999999999673e+00 8.268000000000000682e+00 7.631999999999999673e+00 8.268000000000000682e+00 7.631999999999999673e+00 8.268000000000000682e+00 7.631999999999999673e+00 8.268000000000000682e+00
7.472999999999999865e+00 8.427000000000001378e+00 7.472999999999999865e+00 8.427000000000001378e+00 7.472999999999999865e+00 8.427000000000001378e+00 7.472999999999999865e+00 8.427000000000001378e+00 7.472999999999999865e+00 8.427000000000001378e+00
7.313999999999999169e+00 8.586000000000000298e+00 7.313999999999999169e+00 8.586000000000000298e+00 7.313999999999999169e+00 8.586000000000000298e+00 7.313999999999999169e+00 8.586000000000000298e+00 7.313999999999999169e+00 8.586000000000000298e+00
7.154999999999999361e+00 8.745000000000000995e+00 7.154999999999999361e+00 8.745000000000000995e+00 7.154999999999999361e+00 8.745000000000000995e+00 7.154999999999999361e+00 8.745000000000000995e+00 7.154999999999999361e+00 8.745000000000000995e+00
6.995999999999999552e+00 8.904000000000001691e+00 6.995999999999999552e+00 8.904000000000001691e+00 6.995999999999999552e+00 8.904000000000001691e+00 6.995999999999999552e+00 8.904000000000001691e+00 6.995999999999999552e+00 8.904000000000001691e+00
6.836999999999998856e+00 9.063000000000000611e+00 6.836999999999998856e+00 9.063000000000000611e+00 6.836999999999998856e+00 9.063000000000000611e+00 6.836999999999998856e+00 9.063000000000000611e+00 6.836999999999998856e+00 9.063000000000000611e+00
6.678000000000000824e+00 9.221999999999999531e+00 6.678000000000000824e+00 9.221999999999999531e+00 6.678000000000000824e+00 9.221999999999999531e+00 6.678000000000000824e+00 9.221999999999999531e+00 6.678000000000000824e+00 9.221999999999999531e+00
6.519000000000001016e+00 9.381000000000000227e+00 6.519000000000001016e+00 9.381000000000000227e+00 6.519000000000001016e+00 9.381000000000000227e+00 6.519000000000001016e+00 9.381000000000000227e+00 6.519000000000001016e+00 9.381000000000000227e+00
6.360000000000000320e+00 9.539999999999999147e+00 6.360000000000000320e+00 9.539999999999999147e+00 6.360000000000000320e+00 9.539999999999999147e+00 6.360000000000000320e+00 9.539999999999999147e+00 6.360000000000000320e+00 9.539999999999999147e+00
6.201000000000000512e+00 9.698999999999999844e+00 6.201000000000000512e+00 9.698999999999999844e+00 6.201000000000000512e+00 9.698999999999999844e+00 6.201000000000000512e+00 9.698999999999999844e+00 6.201000000000000512e+00 9.698999999999999844e+00
6.041999999999999815e+00 9.858000000000000540e+00 6.041999999999999815e+00 9.858000000000000540e+00 6.041999999999999815e+00 9.858000000000000540e+00 6.041999999999999815e+00 9.858000000000000540e+00 6.041999999999999815e+00 9.858000000000000540e+00
5.883000000000000007e+00 1.001699999999999946e+01 5.883000000000000007e+00 1.001699999999999946e+01 5.883000000000000007e+00 1.001699999999999946e+01 5.883000000000000007e+00 1.001699999999999946e+01 5.883000000000000007e+00 1.001699999999999946e+01
5.724000000000000199e+00 1.017600000000000016e+01 5.724000000000000199e+00 1.017600000000000016e+01 5.724000000000000199e+00 1.017600000000000016e+01 5.724000000000000199e+00 1.017600000000000016e+01 5.724000000000000199e+00 1.017600000000000016e+01
5.564999999999999503e+00 1.033500000000000085e+01 5.564999999999999503e+00 1.033500000000000085e+01 5.564999999999999503e+00 1.033500000000000085e+01 5.564999999999999503e+00 1.033500000000000085e+01 5.564999999999999503e+00 1.033500000000000085e+01
5.405999999999999694e+00 1.049400000000000155e+01 5.405999999999999694e+00 1.049400000000000155e+01 5.405999999999999694e+00 1.049400000000000155e+01 5.405999999999999694e+00 1.049400000000000155e+01 5.405999999999999694e+00 1.049400000000000155e+01
5.246999999999999886e+00 1.065300000000000047e+01 5.246999999999999886e+00 1.065300000000000047e+01 5.246999999999999886e+00 1.065300000000000047e+01 5.246999999999999886e+00 1.065300000000000047e+01 5.246999999999999886e+00 1.065300000000000047e+01
5.087999999999999190e+00 1.081200000000000117e+01 5.087999999999999190e+00 1.081200000000000117e+01 5.087999999999999190e+00 1.081200000000000117e+01 5.087999999999999190e+00 1.081200000000000117e+01 5.087999999999999190e+00 1.081200000000000117e+01
4.928999999999999382e+00 1.097100000000000186e+01 4.928999999999999382e+00 1.097100000000000186e+01 4.928999999999999382e+00 1.097100000000000186e+01 4.928999999999999382e+00 1.097100000000000186e+01 4.928999999999999382e+00 1.097100000000000186e+01
4.769999999999998685e+00 1.113000000000000078e+01 4.769999999999998685e+00 1.113000000000000078e+01 4.769999999999998685e+00 1.113000000000000078e+01 4.769999999999998685e+00 1.113000000000000078e+01 4.769999999999998685e+00 1.113000000000000078e+01
4.611000000000000654e+00 1.128899999999999970e+01 4.611000000000000654e+00 1.128899999999999970e+01 4.611000000000000654e+00 1.128899999999999970e+01 4.611000000000000654e+00 1.128899999999999970e+01 4.611000000000000654e+00 1.128899999999999970e+01
4.452000000000000846e+00 1.144800000000000040e+01 4.452000000000000846e+00 1.144800000000000040e+01 4.452000000000000846e+00 1.144800000000000040e+01 4.452000000000000846e+00 1.144800000000000040e+01 4.452000000000000846e+00 1.144800000000000040e+01
4.293000000000000149e+00 1.160699999999999932e+01 4.293000000000000149e+00 1.160699999999999932e+01 4.293000000000000149e+00 1.160699999999999932e+01 4.293000000000000149e+00 1.160699999999999932e+01 4.293000000000000149e+00 1.160699999999999932e+01
4.134000000000000341e+00 1.176600000000000001e+01 4.134000000000000341e+00 1.176600000000000001e+01 4.134000000000000341e+00 1.176600000000000001e+01 4.134000000000000341e+00 1.176600000000000001e+01 4.134000000000000341e+00 1.176600000000000001e+01
3.975000000000000089e+00 1.192500000000000071e+01 3.975000000000000089e+00 1.192500000000000071e+01 3.975000000000000089e+00 1.192500000000000071e+01 3.975000000000000089e+00 1.192500000000000071e+01 3.975000000000000089e+00 1.192500000000000071e+01
3.815999999999999837e+00 1.208399999999999963e+01 3.815999999999999837e+00 1.208399999999999963e+01 3.815999999999999837e+00 1.208399999999999963e+01 3.815999999999999837e+00 1.208399999999999963e+01 3.815999999999999837e+00 1.208399999999999963e+01
3.656999999999999584e+00 1.224300000000000033e+01 3.656999999999999584e+00 1.224300000000000033e+01 3.656999999999999584e+00 1.224300000000000033e+01 3.656999999999999584e+00 1.224300000000000033e+01 3.656999999999999584e+00 1.224300000000000033e+01
3.497999999999999776e+00 1.240200000000000102e+01 3.497999999999999776e+00 1.240200000000000102e+01 3.497999999999999776e+00 1.240200000000000102e+01 3.497999999999999776e+00 1.240200000000000102e+01 3.497999999999999776e+00 1.240200000000000102e+01
3.338999999999999524e+00 1.256100000000000172e+01 3.338999999999999524e+00 1.256100000000000172e+01 3.338999999999999524e+00 1.256100000000000172e+01 3.338999999999999524e+00 1.256100000000000172e+01 3.338999999999999524e+00 1.256100000000000172e+01
3.179999999999999272e+00 1.272000000000000064e+01 3.179999999999999272e+00 1.272000000000000064e+01 3.179999999999999272e+00 1.272000000000000064e+01 3.179999999999999272e+00 1.272000000000000064e+01 3.179999999999999272e+00 1.272000000000000064e+01
3.020999999999999019e+00 1.287900000000000134e+01 3.020999999999999019e+00 1.287900000000000134e+01 3.020999999999999019e+00 1.287900000000000134e+01 3.020999999999999019e+00 1.287900000000000134e+01 3.020999999999999019e+00 1.287900000000000134e+01
2.861999999999999211e+00 1.303800000000000203e+01 2.861999999999999211e+00 1.303800000000000203e+01 2.861999999999999211e+00 1.303800000000000203e+01 2.861999999999999211e+00 1.303800000000000203e+01 2.861999999999999211e+00 1.303800000000000203e+01
2.702999999999998959e+00 1.319700000000000095e+01 2.702999999999998959e+00 1.319700000000000095e+01 2.702999999999998959e+00 1.319700000000000095e+01 2.702999999999998959e+00 1.319700000000000095e+01 2.702999999999998959e+00 1.319700000000000095e+01
2.544000000000000483e+00 1.335599999999999987e+01 2.544000000000000483e+00 1.335599999999999987e+01 2.544000000000000483e+00 1.335599999999999987e+01 2.544000000000000483e+00 1.335599999999999987e+01 2.544000000000000483e+00 1.335599999999999987e+01
2.385000000000000231e+00 1.351500000000000057e+01 2.385000000000000231e+00 1.351500000000000057e+01 2.385000000000000231e+00 1.351500000000000057e+01 2.385000000000000231e+00 1.351500000000000057e+01 2.385000000000000231e+00 1.351500000000000057e+01
2.226000000000000423e+00 1.367399999999999949e+01 2.226000000000000423e+00 1.367399999999999949e+01 2.226000000000000423e+00 1.367399999999999949e+01 2.226000000000000423e+00 1.367399999999999949e+01 2.226000000000000423e+00 1.367399999999999949e+01
2.067000000000000171e+00 1.383300000000000018e+01 2.067000000000000171e+00 1.383300000000000018e+01 2.067000000000000171e+00 1.383300000000000018e+01 2.067000000000000171e+00 1.383300000000000018e+01 2.067000000000000171e+00 1.383300000000000018e+01
1.907999999999999918e+00 1.399200000000000088e+01 1.907999999999999918e+00 1.399200000000000088e+01 1.907999999999999918e+00 1.399200000000000088e+01 1.907999999999999918e+00 1.399200000000000088e+01 1.907999999999999918e+00 1.399200000000000088e+01
1.748999999999999888e+00 1.415099999999999980e+01 1.748999999999999888e+00 1.415099999999999980e+01 1.748999999999999888e+00 1.415099999999999980e+01 1.748999999999999888e+00 1.415099999999999980e+01 1.748999999999999888e+00 1.415099999999999980e+01
1.589999999999999636e+00 1.431000000000000050e+01 1.589999999999999636e+00 1.431000000000000050e+01 1.589999999999999636e+00 1.431000000000000050e+01 1.589999999999999636e+00 1.431000000000000050e+01 1.589999999999999636e+00 1.431000000000000050e+01
1.430999999999999606e+00 1.446900000000000119e+01 1.430999999999999606e+00 1.446900000000000119e+01 1.430999999999999606e+00 1.446900000000000119e+01 1.430999999999999606e+00 1.446900000000000119e+01 1.430999999999999606e+00 1.446900000000000119e+01
1.271999999999999353e+00 1.462800000000000011e+01 1.271999999999999353e+00 1.462800000000000011e+01 1.271999999999999353e+00 1.462800000000000011e+01 1.271999999999999353e+00 1.462800000000000011e+01 1.271999999999999353e+00 1.462800000000000011e+01
1.112999999999999323e+00 1.478700000000000081e+01 1.112999999999999323e+00 1.478700000000000081e+01 1.112999999999999323e+00 1.478700000000000081e+01 1.112999999999999323e+00 1.478700000000000081e+01 1.112999999999999323e+00 1.478700000000000081e+01
9.539999999999990710e-01 1.494600000000000151e+01 9.539999999999990710e-01 1.494600000000000151e+01 9.539999999999990710e-01 1.494600000000000151e+01 9.539999999999990710e-01 1.494600000000000151e+01 9.539999999999990710e-01 1.494600000000000151e+01
7.949999999999989297e-01 1.510500000000000220e+01 7.949999999999989297e-01 1.510500000000000220e+01 7.949999999999989297e-01 1.510500000000000220e+01 7.949999999999989297e-01 1.510500000000000220e+01 7.949999999999989297e-01 1.510500000000000220e+01
6.360000000000005649e-01 1.526399999999999935e+01 6.360000000000005649e-01 1.526399999999999935e+01 6.360000000000005649e-01 1.526399999999999935e+01 6.360000000000005649e-01 1.526399999999999935e+01 6.360000000000005649e-01 1.526399999999999935e+01
4.770000000000004237e-01 1.542300000000000004e+01 4.770000000000004237e-01 1.542300000000000004e+01 4.770000000000004237e-01 1.542300000000000004e+01 4.770000000000004237e-01 1.542300000000000004e+01 4.770000000000004237e-01 1.542300000000000004e+01
3.180000000000002824e-01 1.558200000000000074e+01 3.180000000000002824e-01 1.558200000000000074e+01 3.180000000000002824e-01 1.558200000000000074e+01 3.180000000000002824e-01 1.558200000000000074e+01 3.180000000000002824e-01 1.558200000000000074e+01
1.590000000000001412e-01 1.574099999999999966e+01 1.590000000000001412e-01 1.574099999999999966e+01 1.590000000000001412e-01 1.574099999999999966e+01 1.590000000000001412e-01 1.574099999999999966e+01 1.590000000000001412e-01 1.574099999999999966e+01
0.000000000000000000e+00 1.590000000000000036e+01 0.000000000000000000e+00 1.590000000000000036e+01 0.000000000000000000e+00 1.590000000000000036e+01 0.000000000000000000e+00 1.590000000000000036e+01 0.000000000000000000e+00 1.590000000000000036e+01
0.000000000000000000e+00 1.590000000000000036e+01 0.000000000000000000e+00 1.590000000000000036e+01 0.000000000000000000e+00 1.590000000000000036e+01 0.000000000000000000e+00 1.590000000000000036e+01 0.000000000000000000e+00 1.590000000000000036e+01
1.606060606060606133e-01 1.573939393939394016e+01 1.606060606060606133e-01 1.573939393939394016e+01 1.606060606060606133e-01 1.573939393939394016e+01 1.606060606060606133e-01 1.573939393939394016e+01 1.606060606060606133e-01 1.573939393939394016e+01
3.212121212121212266e-01 1.557878787878787818e+01 3.212121212121212266e-01 1.557878787878787818e+01 3.212121212121212266e-01 1.557878787878787818e+01 3.212121212121212266e-01 1.557878787878787818e+01 3.212121212121212266e-01 1.557878787878787818e+01
4.818181818181818676e-01 1.541818181818181976e+01 4.818181818181818676e-01 1.541818181818181976e+01 4.818181818181818676e-01 1.541818181818181976e+01 4.818181818181818676e-01 1.541818181818181976e+01 4.818181818181818676e-01 1.541818181818181976e+01
6.424242424242424532e-01 1.525757575757575779e+01 6.424242424242424532e-01 1.525757575757575779e+01 6.424242424242424532e-01 1.525757575757575779e+01 6.424242424242424532e-01 1.525757575757575779e+01 6.424242424242424532e-01 1.525757575757575779e+01
8.030303030303030942e-01 1.509696969696969759e+01 8.030303030303030942e-01 1.509696969696969759e+01 8.030303030303030942e-01 1.509696969696969759e+01 8.030303030303030942e-01 1.509696969696969759e+01 8.030303030303030942e-01 1.509696969696969759e+01
9.636363636363637353e-01 1.493636363636363740e+01 9.636363636363637353e-01 1.493636363636363740e+01 9.636363636363637353e-01 1.493636363636363740e+01 9.636363636363637353e-01 1.493636363636363740e+01 9.636363636363637353e-01 1.493636363636363740e+01
1.124242424242424487e+00 1.477575757575757542e+01 1.124242424242424487e+00 1.477575757575757542e+01 1.124242424242424487e+00 1.477575757575757542e+01 1.124242424242424487e+00 1.477575757575757542e+01 1.124242424242424487e+00 1.477575757575757542e+01
1.284848484848484906e+00 1.461515151515151523e+01 1.284848484848484906e+00 1.461515151515151523e+01 1.284848484848484906e+00 1.461515151515151523e+01 1.284848484848484906e+00 1.461515151515151523e+01 1.284848484848484906e+00 1.461515151515151523e+01
1.445454545454545547e+00 1.445454545454545503e+01 1.445454545454545547e+00 1.445454545454545503e+01 1.445454545454545547e+00 1.445454545454545503e+01 1.445454545454545547e+00 1.445454545454545503e+01 1.445454545454545547e+00 1.445454545454545503e+01
1.606060606060606188e+00 1.429393939393939483e+01 1.606060606060606188e+00 1.429393939393939483e+01 1.606060606060606188e+00 1.429393939393939483e+01 1.606060606060606188e+00 1.429393939393939483e+01 1.606060606060606188e+00 1.429393939393939483e+01
1.766666666666666829e+00 1.413333333333333286e+01 1.766666666666666829e+00 1.413333333333333286e+01 1.766666666666666829e+00 1.413333333333333286e+01 1.766666666666666829e+00 1.413333333333333286e+01 1.766666666666666829e+00 1.413333333333333286e+01
1.927272727272727471e+00 1.397272727272727266e+01 1.927272727272727471e+00 1.397272727272727266e+01 1.927272727272727471e+00 1.397272727272727266e+01 1.927272727272727471e+00 1.397272727272727266e+01 1.927272727272727471e+00 1.397272727272727266e+01
2.087878787878788334e+00 1.381212121212121247e+01 2.087878787878788334e+00 1.381212121212121247e+01 2.087878787878788334e+00 1.381212121212121247e+01 2.087878787878788334e+00 1.381212121212121247e+01 2.087878787878788334e+00 1.381212121212121247e+01
2.248484848484848975e+00 1.365151515151515227e+01 2.248484848484848975e+00 1.365151515151515227e+01 2.248484848484848975e+00 1.365151515151515227e+01 2.248484848484848975e+00 1.365151515151515227e+01 2.248484848484848975e+00 1.365151515151515227e+01
2.409090909090909172e+00 1.349090909090909207e+01 2.409090909090909172e+00 1.349090909090909207e+01 2.409090909090909172e+00 1.349090909090909207e+01 2.409090909090909172e+00 1.349090909090909207e+01 2.409090909090909172e+00 1.349090909090909207e+01
2.569696969696969813e+00 1.333030303030303010e+01 2.569696969696969813e+00 1.333030303030303010e+01 2.569696969696969813e+00 1.333030303030303010e+01 2.569696969696969813e+00 1.333030303030303010e+01 2.569696969696969813e+00 1.333030303030303010e+01
2.730303030303030898e+00 1.316969696969696990e+01 2.730303030303030898e+00 1.316969696969696990e+01 2.730303030303030898e+00 1.316969696969696990e+01 2.730303030303030898e+00 1.316969696969696990e+01 2.730303030303030898e+00 1.316969696969696990e+01
2.890909090909091095e+00 1.300909090909090793e+01 2.890909090909091095e+00 1.300909090909090793e+01 2.890909090909091095e+00 1.300909090909090793e+01 2.890909090909091095e+00 1.300909090909090793e+01 2.890909090909091095e+00 1.300909090909090793e+01
3.051515151515151736e+00 1.284848484848484773e+01 3.051515151515151736e+00 1.284848484848484773e+01 3.051515151515151736e+00 1.284848484848484773e+01 3.051515151515151736e+00 1.284848484848484773e+01 3.051515151515151736e+00 1.284848484848484773e+01
3.212121212121212377e+00 1.268787878787878931e+01 3.212121212121212377e+00 1.268787878787878931e+01 3.212121212121212377e+00 1.268787878787878931e+01 3.212121212121212377e+00 1.268787878787878931e+01 3.212121212121212377e+00 1.268787878787878931e+01
3.372727272727273018e+00 1.252727272727272734e+01 3.372727272727273018e+00 1.252727272727272734e+01 3.372727272727273018e+00 1.252727272727272734e+01 3.372727272727273018e+00 1.252727272727272734e+01 3.372727272727273018e+00 1.252727272727272734e+01
3.533333333333333659e+00 1.236666666666666714e+01 3.533333333333333659e+00 1.236666666666666714e+01 3.533333333333333659e+00 1.236666666666666714e+01 3.533333333333333659e+00 1.236666666666666714e+01 3.533333333333333659e+00 1.236666666666666714e+01
3.693939393939394300e+00 1.220606060606060517e+01 3.693939393939394300e+00 1.220606060606060517e+01 3.693939393939394300e+00 1.220606060606060517e+01 3.693939393939394300e+00 1.220606060606060517e+01 3.693939393939394300e+00 1.220606060606060517e+01
3.854545454545454941e+00 1.204545454545454497e+01 3.854545454545454941e+00 1.204545454545454497e+01 3.854545454545454941e+00 1.204545454545454497e+01 3.854545454545454941e+00 1.204545454545454497e+01 3.854545454545454941e+00 1.204545454545454497e+01
4.015151515151515582e+00 1.188484848484848477e+01 4.015151515151515582e+00 1.188484848484848477e+01 4.015151515151515582e+00 1.188484848484848477e+01 4.015151515151515582e+00 1.188484848484848477e+01 4.015151515151515582e+00 1.188484848484848477e+01
4.175757575757576667e+00 1.172424242424242458e+01 4.175757575757576667e+00 1.172424242424242458e+01 4.175757575757576667e+00 1.172424242424242458e+01 4.175757575757576667e+00 1.172424242424242458e+01 4.175757575757576667e+00 1.172424242424242458e+01
4.336363636363636864e+00 1.156363636363636438e+01 4.336363636363636864e+00 1.156363636363636438e+01 4.336363636363636864e+00 1.156363636363636438e+01 4.336363636363636864e+00 1.156363636363636438e+01 4.336363636363636864e+00 1.156363636363636438e+01
4.496969696969697949e+00 1.140303030303030241e+01 4.496969696969697949e+00 1.140303030303030241e+01 4.496969696969697949e+00 1.140303030303030241e+01 4.496969696969697949e+00 1.140303030303030241e+01 4.496969696969697949e+00 1.140303030303030241e+01
4.657575757575757258e+00 1.124242424242424221e+01 4.657575757575757258e+00 1.124242424242424221e+01 4.657575757575757258e+00 1.124242424242424221e+01 4.657575757575757258e+00 1.124242424242424221e+01 4.657575757575757258e+00 1.124242424242424221e+01
4.818181818181818343e+00 1.108181818181818201e+01 4.818181818181818343e+00 1.108181818181818201e+01 4.818181818181818343e+00 1.108181818181818201e+01 4.818181818181818343e+00 1.108181818181818201e+01 4.818181818181818343e+00 1.108181818181818201e+01
4.978787878787879428e+00 1.092121212121212182e+01 4.978787878787879428e+00 1.092121212121212182e+01 4.978787878787879428e+00 1.092121212121212182e+01 4.978787878787879428e+00 1.092121212121212182e+01 4.978787878787879428e+00 1.092121212121212182e+01
5.139393939393939625e+00 1.076060606060605984e+01 5.139393939393939625e+00 1.076060606060605984e+01 5.139393939393939625e+00 1.076060606060605984e+01 5.139393939393939625e+00 1.076060606060605984e+01 5.139393939393939625e+00 1.076060606060605984e+01
5.300000000000000711e+00 1.059999999999999964e+01 5.300000000000000711e+00 1.059999999999999964e+01 5.300000000000000711e+00 1.059999999999999964e+01 5.300000000000000711e+00 1.059999999999999964e+01 5.300000000000000711e+00 1.059999999999999964e+01
5.460606060606061796e+00 1.043939393939393945e+01 5.460606060606061796e+00 1.043939393939393945e+01 5.460606060606061796e+00 1.043939393939393945e+01 5.460606060606061796e+00 1.043939393939393945e+01 5.460606060606061796e+00 1.043939393939393945e+01
5.621212121212121993e+00 1.027878787878787747e+01 5.621212121212121993e+00 1.027878787878787747e+01 5.621212121212121993e+00 1.027878787878787747e+01 5.621212121212121993e+00 1.027878787878787747e+01 5.621212121212121993e+00 1.027878787878787747e+01
5.781818181818182190e+00 1.011818181818181905e+01 5.781818181818182190e+00 1.011818181818181905e+01 5.781818181818182190e+00 1.011818181818181905e+01 5.781818181818182190e+00 1.011818181818181905e+01 5.781818181818182190e+00 1.011818181818181905e+01
5.942424242424243275e+00 9.957575757575758857e+00 5.942424242424243275e+00 9.957575757575758857e+00 5.942424242424243275e+00 9.957575757575758857e+00 5.942424242424243275e+00 9.957575757575758857e+00 5.942424242424243275e+00 9.957575757575758857e+00
6.103030303030303472e+00 9.796969696969696884e+00 6.103030303030303472e+00 9.796969696969696884e+00 6.103030303030303472e+00 9.796969696969696884e+00 6.103030303030303472e+00 9.796969696969696884e+00 6.103030303030303472e+00 9.796969696969696884e+00
6.263636363636364557e+00 9.636363636363634910e+00 6.263636363636364557e+00 9.636363636363634910e+00 6.263636363636364557e+00 9.636363636363634910e+00 6.263636363636364557e+00 9.636363636363634910e+00 6.263636363636364557e+00 9.636363636363634910e+00
6.424242424242424754e+00 9.475757575757574713e+00 6.424242424242424754e+00 9.475757575757574713e+00 6.424242424242424754e+00 9.475757575757574713e+00 6.424242424242424754e+00 9.475757575757574713e+00 6.424242424242424754e+00 9.475757575757574713e+00
6.584848484848485839e+00 9.315151515151514516e+00 6.584848484848485839e+00 9.315151515151514516e+00 6.584848484848485839e+00 9.315151515151514516e+00 6.584848484848485839e+00 9.315151515151514516e+00 6.584848484848485839e+00 9.315151515151514516e+00
6.745454545454546036e+00 9.154545454545454319e+00 6.745454545454546036e+00 9.154545454545454319e+00 6.745454545454546036e+00 9.154545454545454319e+00 6.745454545454546036e+00 9.154545454545454319e+00 6.745454545454546036e+00 9.154545454545454319e+00
6.906060606060606233e+00 8.993939393939394122e+00 6.906060606060606233e+00 8.993939393939394122e+00 6.906060606060606233e+00 8.993939393939394122e+00 6.906060606060606233e+00 8.993939393939394122e+00 6.906060606060606233e+00 8.993939393939394122e+00
7.066666666666667318e+00 8.833333333333333925e+00 7.066666666666667318e+00 8.833333333333333925e+00 7.066666666666667318e+00 8.833333333333333925e+00 7.066666666666667318e+00 8.833333333333333925e+00 7.066666666666667318e+00 8.833333333333333925e+00
7.227272727272728403e+00 8.672727272727271952e+00 7.227272727272728403e+00 8.672727272727271952e+00 7.227272727272728403e+00 8.672727272727271952e+00 7.227272727272728403e+00 8.672727272727271952e+00 7.227272727272728403e+00 8.672727272727271952e+00
7.387878787878788600e+00 8.512121212121209979e+00 7.387878787878788600e+00 8.512121212121209979e+00 7.387878787878788600e+00 8.512121212121209979e+00 7.387878787878788600e+00 8.512121212121209979e+00 7.387878787878788600e+00 8.512121212121209979e+00
7.548484848484849685e+00 8.351515151515151558e+00 7.548484848484849685e+00 8.351515151515151558e+00 7.548484848484849685e+00 8.351515151515151558e+00 7.548484848484849685e+00 8.351515151515151558e+00 7.548484848484849685e+00 8.351515151515151558e+00
7.709090909090909882e+00 8.190909090909091361e+00 7.709090909090909882e+00 8.190909090909091361e+00 7.709090909090909882e+00 8.190909090909091361e+00 7.709090909090909882e+00 8.190909090909091361e+00 7.709090909090909882e+00 8.190909090909091361e+00
7.869696969696970079e+00 8.030303030303029388e+00 7.869696969696970079e+00 8.030303030303029388e+00 7.869696969696970079e+00 8.030303030303029388e+00 7.869696969696970079e+00 8.030303030303029388e+00 7.869696969696970079e+00 8.030303030303029388e+00
8.030303030303031164e+00 7.869696969696969191e+00 8.030303030303031164e+00 7.869696969696969191e+00 8.030303030303031164e+00 7.869696969696969191e+00 8.030303030303031164e+00 7.869696969696969191e+00 8.030303030303031164e+00 7.869696969696969191e+00
8.190909090909093138e+00 7.709090909090908106e+00 8.190909090909093138e+00 7.709090909090908106e+00 8.190909090909093138e+00 7.709090909090908106e+00 8.190909090909093138e+00 7.709090909090908106e+00 8.190909090909093138e+00 7.709090909090908106e+00
8.351515151515153335e+00 7.548484848484847909e+00 8.351515151515153335e+00 7.548484848484847909e+00 8.351515151515153335e+00 7.548484848484847909e+00 8.351515151515153335e+00 7.548484848484847909e+00 8.351515151515153335e+00 7.548484848484847909e+00
8.512121212121211755e+00 7.387878787878787712e+00 8.512121212121211755e+00 7.387878787878787712e+00 8.512121212121211755e+00 7.387878787878787712e+00 8.512121212121211755e+00 7.387878787878787712e+00 8.512121212121211755e+00 7.387878787878787712e+00
8.672727272727273728e+00 7.227272727272726627e+00 8.672727272727273728e+00 7.227272727272726627e+00 8.672727272727273728e+00 7.227272727272726627e+00 8.672727272727273728e+00 7.227272727272726627e+00 8.672727272727273728e+00 7.227272727272726627e+00
8.833333333333333925e+00 7.066666666666666430e+00 8.833333333333333925e+00 7.066666666666666430e+00 8.833333333333333925e+00 7.066666666666666430e+00 8.833333333333333925e+00 7.066666666666666430e+00 8.833333333333333925e+00 7.066666666666666430e+00
8.993939393939395899e+00 6.906060606060604457e+00 8.993939393939395899e+00 6.906060606060604457e+00 8.993939393939395899e+00 6.906060606060604457e+00 8.993939393939395899e+00 6.906060606060604457e+00 8.993939393939395899e+00 6.906060606060604457e+00
9.154545454545456096e+00 6.745454545454545148e+00 9.154545454545456096e+00 6.745454545454545148e+00 9.154545454545456096e+00 6.745454545454545148e+00 9.154545454545456096e+00 6.745454545454545148e+00 9.154545454545456096e+00 6.745454545454545148e+00
9.315151515151514516e+00 6.584848484848484951e+00 9.315151515151514516e+00 6.584848484848484951e+00 9.315151515151514516e+00 6.584848484848484951e+00 9.315151515151514516e+00 6.584848484848484951e+00 9.315151515151514516e+00 6.584848484848484951e+00
9.475757575757576490e+00 6.424242424242422977e+00 9.475757575757576490e+00 6.424242424242422977e+00 9.475757575757576490e+00 6.424242424242422977e+00 9.475757575757576490e+00 6.424242424242422977e+00 9.475757575757576490e+00 6.424242424242422977e+00
9.636363636363636687e+00 6.263636363636363669e+00 9.636363636363636687e+00 6.263636363636363669e+00 9.636363636363636687e+00 6.263636363636363669e+00 9.636363636363636687e+00 6.263636363636363669e+00 9.636363636363636687e+00 6.263636363636363669e+00
9.796969696969698660e+00 6.103030303030301695e+00 9.796969696969698660e+00 6.103030303030301695e+00 9.796969696969698660e+00 6.103030303030301695e+00 9.796969696969698660e+00 6.103030303030301695e+00 9.796969696969698660e+00 6.103030303030301695e+00
9.957575757575758857e+00 5.942424242424242387e+00 9.957575757575758857e+00 5.942424242424242387e+00 9.957575757575758857e+00 5.942424242424242387e+00 9.957575757575758857e+00 5.942424242424242387e+00 9.957575757575758857e+00 5.942424242424242387e+00
1.011818181818182083e+01 5.781818181818180413e+00 1.011818181818182083e+01 5.781818181818180413e+00 1.011818181818182083e+01 5.781818181818180413e+00 1.011818181818182083e+01 5.781818181818180413e+00 1.011818181818182083e+01 5.781818181818180413e+00
1.027878787878787925e+01 5.621212121212120216e+00 1.027878787878787925e+01 5.621212121212120216e+00 1.027878787878787925e+01 5.621212121212120216e+00 1.027878787878787925e+01 5.621212121212120216e+00 1.027878787878787925e+01 5.621212121212120216e+00
1.043939393939393945e+01 5.460606060606060908e+00 1.043939393939393945e+01 5.460606060606060908e+00 1.043939393939393945e+01 5.460606060606060908e+00 1.043939393939393945e+01 5.460606060606060908e+00 1.043939393939393945e+01 5.460606060606060908e+00
1.060000000000000142e+01 5.299999999999998934e+00 1.060000000000000142e+01 5.299999999999998934e+00 1.060000000000000142e+01 5.299999999999998934e+00 1.060000000000000142e+01 5.299999999999998934e+00 1.060000000000000142e+01 5.299999999999998934e+00
1.076060606060606162e+01 5.139393939393938737e+00 1.076060606060606162e+01 5.139393939393938737e+00 1.076060606060606162e+01 5.139393939393938737e+00 1.076060606060606162e+01 5.139393939393938737e+00 1.076060606060606162e+01 5.139393939393938737e+00
1.092121212121212359e+01 4.978787878787877652e+00 1.092121212121212359e+01 4.978787878787877652e+00 1.092121212121212359e+01 4.978787878787877652e+00 1.092121212121212359e+01 4.978787878787877652e+00 1.092121212121212359e+01 4.978787878787877652e+00
1.108181818181818201e+01 4.818181818181817455e+00 1.108181818181818201e+01 4.818181818181817455e+00 1.108181818181818201e+01 4.818181818181817455e+00 1.108181818181818201e+01 4.818181818181817455e+00 1.108181818181818201e+01 4.818181818181817455e+00
1.124242424242424399e+01 4.657575757575755482e+00 1.124242424242424399e+01 4.657575757575755482e+00 1.124242424242424399e+01 4.657575757575755482e+00 1.124242424242424399e+01 4.657575757575755482e+00 1.124242424242424399e+01 4.657575757575755482e+00
1.140303030303030418e+01 4.496969696969696173e+00 1.140303030303030418e+01 4.496969696969696173e+00 1.140303030303030418e+01 4.496969696969696173e+00 1.140303030303030418e+01 4.496969696969696173e+00 1.140303030303030418e+01 4.496969696969696173e+00
1.156363636363636438e+01 4.336363636363635976e+00 1.156363636363636438e+01 4.336363636363635976e+00 1.156363636363636438e+01 4.336363636363635976e+00 1.156363636363636438e+01 4.336363636363635976e+00 1.156363636363636438e+01 4.336363636363635976e+00
1.172424242424242635e+01 4.175757575757574891e+00 1.172424242424242635e+01 4.175757575757574891e+00 1.172424242424242635e+01 4.175757575757574891e+00 1.172424242424242635e+01 4.175757575757574891e+00 1.172424242424242635e+01 4.175757575757574891e+00
1.188484848484848655e+01 4.015151515151514694e+00 1.188484848484848655e+01 4.015151515151514694e+00 1.188484848484848655e+01 4.015151515151514694e+00 1.188484848484848655e+01 4.015151515151514694e+00 1.188484848484848655e+01 4.015151515151514694e+00
1.204545454545454675e+01 3.854545454545453165e+00 1.204545454545454675e+01 3.854545454545453165e+00 1.204545454545454675e+01 3.854545454545453165e+00 1.204545454545454675e+01 3.854545454545453165e+00 1.204545454545454675e+01 3.854545454545453165e+00
1.220606060606060694e+01 3.693939393939392968e+00 1.220606060606060694e+01 3.693939393939392968e+00 1.220606060606060694e+01 3.693939393939392968e+00 1.220606060606060694e+01 3.693939393939392968e+00 1.220606060606060694e+01 3.693939393939392968e+00
1.236666666666666714e+01 3.533333333333333215e+00 1.236666666666666714e+01 3.533333333333333215e+00 1.236666666666666714e+01 3.533333333333333215e+00 1.236666666666666714e+01 3.533333333333333215e+00 1.236666666666666714e+01 3.533333333333333215e+00
1.252727272727272911e+01 3.372727272727271686e+00 1.252727272727272911e+01 3.372727272727271686e+00 1.252727272727272911e+01 3.372727272727271686e+00 1.252727272727272911e+01 3.372727272727271686e+00 1.252727272727272911e+01 3.372727272727271686e+00
1.268787878787878931e+01 3.212121212121211489e+00 1.268787878787878931e+01 3.212121212121211489e+00 1.268787878787878931e+01 3.212121212121211489e+00 1.268787878787878931e+01 3.212121212121211489e+00 1.268787878787878931e+01 3.212121212121211489e+00
1.284848484848484951e+01 3.051515151515149959e+00 1.284848484848484951e+01 3.051515151515149959e+00 1.284848484848484951e+01 3.051515151515149959e+00 1.284848484848484951e+01 3.051515151515149959e+00 1.284848484848484951e+01 3.051515151515149959e+00
1.300909090909090970e+01 2.890909090909090207e+00 1.300909090909090970e+01 2.890909090909090207e+00 1.300909090909090970e+01 2.890909090909090207e+00 1.300909090909090970e+01 2.890909090909090207e+00 1.300909090909090970e+01 2.890909090909090207e+00
1.316969696969697168e+01 2.730303030303028677e+00 1.316969696969697168e+01 2.730303030303028677e+00 1.316969696969697168e+01 2.730303030303028677e+00 1.316969696969697168e+01 2.730303030303028677e+00 1.316969696969697168e+01 2.730303030303028677e+00
1.333030303030303187e+01 2.569696969696968480e+00 1.333030303030303187e+01 2.569696969696968480e+00 1.333030303030303187e+01 2.569696969696968480e+00 1.333030303030303187e+01 2.569696969696968480e+00 1.333030303030303187e+01 2.569696969696968480e+00
1.349090909090909207e+01 2.409090909090908728e+00 1.349090909090909207e+01 2.409090909090908728e+00 1.349090909090909207e+01 2.409090909090908728e+00 1.349090909090909207e+01 2.409090909090908728e+00 1.349090909090909207e+01 2.409090909090908728e+00
1.365151515151515405e+01 2.248484848484847198e+00 1.365151515151515405e+01 2.248484848484847198e+00 1.365151515151515405e+01 2.248484848484847198e+00 1.365151515151515405e+01 2.248484848484847198e+00 1.365151515151515405e+01 2.248484848484847198e+00
1.381212121212121247e+01 2.087878787878787445e+00 1.381212121212121247e+01 2.087878787878787445e+00 1.381212121212121247e+01 2.087878787878787445e+00 1.381212121212121247e+01 2.087878787878787445e+00 1.381212121212121247e+01 2.087878787878787445e+00
1.397272727272727444e+01 1.927272727272725694e+00 1.397272727272727444e+01 1.927272727272725694e+00 1.397272727272727444e+01 1.927272727272725694e+00 1.397272727272727444e+01 1.927272727272725694e+00 1.397272727272727444e+01 1.927272727272725694e+00
1.413333333333333464e+01 1.766666666666665719e+00 1.413333333333333464e+01 1.766666666666665719e+00 1.413333333333333464e+01 1.766666666666665719e+00 1.413333333333333464e+01 1.766666666666665719e+00 1.413333333333333464e+01 1.766666666666665719e+00
1.429393939393939661e+01 1.606060606060604190e+00 1.429393939393939661e+01 1.606060606060604190e+00 1.429393939393939661e+01 1.606060606060604190e+00 1.429393939393939661e+01 1.606060606060604190e+00 1.429393939393939661e+01 1.606060606060604190e+00
1.445454545454545681e+01 1.445454545454544215e+00 1.445454545454545681e+01 1.445454545454544215e+00 1.445454545454545681e+01 1.445454545454544215e+00 1.445454545454545681e+01 1.445454545454544215e+00 1.445454545454545681e+01 1.445454545454544215e+00
1.461515151515151523e+01 1.284848484848484240e+00 1.461515151515151523e+01 1.284848484848484240e+00 1.461515151515151523e+01 1.284848484848484240e+00 1.461515151515151523e+01 1.284848484848484240e+00 1.461515151515151523e+01 1.284848484848484240e+00
1.477575757575757720e+01 1.124242424242422711e+00 1.477575757575757720e+01 1.124242424242422711e+00 1.477575757575757720e+01 1.124242424242422711e+00 1.477575757575757720e+01 1.124242424242422711e+00 1.477575757575757720e+01 1.124242424242422711e+00
1.493636363636363740e+01 9.636363636363628471e-01 1.493636363636363740e+01 9.636363636363628471e-01 1.493636363636363740e+01 9.636363636363628471e-01 1.493636363636363740e+01 9.636363636363628471e-01 1.493636363636363740e+01 9.636363636363628471e-01
1.509696969696969937e+01 8.030303030303012068e-01 1.509696969696969937e+01 8.030303030303012068e-01 1.509696969696969937e+01 8.030303030303012068e-01 1.509696969696969937e+01 8.030303030303012068e-01 1.509696969696969937e+01 8.030303030303012068e-01
1.525757575757575957e+01 6.424242424242412319e-01 1.525757575757575957e+01 6.424242424242412319e-01 1.525757575757575957e+01 6.424242424242412319e-01 1.525757575757575957e+01 6.424242424242412319e-01 1.525757575757575957e+01 6.424242424242412319e-01
1.541818181818181976e+01 4.818181818181814235e-01 1.541818181818181976e+01 4.818181818181814235e-01 1.541818181818181976e+01 4.818181818181814235e-01 1.541818181818181976e+01 4.818181818181814235e-01 1.541818181818181976e+01 4.818181818181814235e-01
1.557878787878787996e+01 3.212121212121197833e-01 1.557878787878787996e+01 3.212121212121197833e-01 1.557878787878787996e+01 3.212121212121197833e-01 1.557878787878787996e+01 3.212121212121197833e-01 1.557878787878787996e+01 3.212121212121197833e-01
1.573939393939394016e+01 1.606060606060598916e-01 1.573939393939394016e+01 1.606060606060598916e-01 1.573939393939394016e+01 1.606060606060598916e-01 1.573939393939394016e+01 1.606060606060598916e-01 1.573939393939394016e+01 1.606060606060598916e-01
1.590000000000000036e+01 0.000000000000000000e+00 1.590000000000000036e+01 0.000000000000000000e+00 1.590000000000000036e+01 0.000000000000000000e+00 1.590000000000000036e+01 0.000000000000000000e+00 1.590000000000000036e+01 0.000000000000000000e+00
