1.590000000000000024e-01 0.000000000000000000e+00 1.590000000000000024e-01 0.000000000000000000e+00 1.590000000000000024e-01 0.000000000000000000e+00 1.590000000000000024e-01 0.000000000000000000e+00 1.590000000000000024e-01 0.000000000000000000e+00
1.574099999999999944e-01 1.590000000000000050e-03 1.574099999999999944e-01 1.590000000000000050e-03 1.574099999999999944e-01 1.590000000000000050e-03 1.574099999999999944e-01 1.590000000000000050e-03 1.574099999999999944e-01 1.590000000000000050e-03
1.558199999999999863e-01 3.180000000000000101e-03 1.558199999999999863e-01 3.180000000000000101e-03 1.558199999999999863e-01 3.180000000000000101e-03 1.558199999999999863e-01 3.180000000000000101e-03 1.558199999999999863e-01 3.180000000000000101e-03
1.542300000000000060e-01 4.769999999999999934e-03 1.542300000000000060e-01 4.769999999999999934e-03 1.542300000000000060e-01 4.769999999999999934e-03 1.542300000000000060e-01 4.769999999999999934e-03 1.542300000000000060e-01 4.769999999999999934e-03
1.526399999999999979e-01 6.360000000000000202e-03 1.526399999999999979e-01 6.360000000000000202e-03 1.526399999999999979e-01 6.360000000000000202e-03 1.526399999999999979e-01 6.360000000000000202e-03 1.526399999999999979e-01 6.360000000000000202e-03
1.510499999999999898e-01 7.950000000000000469e-03 1.510499999999999898e-01 7.950000000000000469e-03 1.510499999999999898e-01 7.950000000000000469e-03 1.510499999999999898e-01 7.950000000000000469e-03 1.510499999999999898e-01 7.950000000000000469e-03
1.494599999999999818e-01 9.539999999999999869e-03 1.494599999999999818e-01 9.539999999999999869e-03 1.494599999999999818e-01 9.539999999999999869e-03 1.494599999999999818e-01 9.539999999999999869e-03 1.494599999999999818e-01 9.539999999999999869e-03
1.478700000000000014e-01 1.113000000000000100e-02 1.478700000000000014e-01 1.113000000000000100e-02 1.478700000000000014e-01 1.113000000000000100e-02 1.478700000000000014e-01 1.113000000000000100e-02 1.478700000000000014e-01 1.113000000000000100e-02
1.462800000000000211e-01 1.272000000000000040e-02 1.462800000000000211e-01 1.272000000000000040e-02 1.462800000000000211e-01 1.272000000000000040e-02 1.462800000000000211e-01 1.272000000000000040e-02 1.462800000000000211e-01 1.272000000000000040e-02
1.446900000000000130e-01 1.430999999999999980e-02 1.446900000000000130e-01 1.430999999999999980e-02 1.446900000000000130e-01 1.430999999999999980e-02 1.446900000000000130e-01 1.430999999999999980e-02 1.446900000000000130e-01 1.430999999999999980e-02
1.431000000000000050e-01 1.590000000000000094e-02 1.431000000000000050e-01 1.590000000000000094e-02 1.431000000000000050e-01 1.590000000000000094e-02 1.431000000000000050e-01 1.590000000000000094e-02 1.431000000000000050e-01 1.590000000000000094e-02
1.415099999999999969e-01 1.749000000000000207e-02 1.415099999999999969e-01 1.749000000000000207e-02 1.415099999999999969e-01 1.749000000000000207e-02 1.415099999999999969e-01 1.749000000000000207e-02 1.415099999999999969e-01 1.749000000000000207e-02
1.399200000000000166e-01 1.907999999999999974e-02 1.399200000000000166e-01 1.907999999999999974e-02 1.399200000000000166e-01 1.907999999999999974e-02 1.399200000000000166e-01 1.907999999999999974e-02 1.399200000000000166e-01 1.907999999999999974e-02
1.383300000000000085e-01 2.067000000000000087e-02 1.383300000000000085e-01 2.067000000000000087e-02 1.383300000000000085e-01 2.067000000000000087e-02 1.383300000000000085e-01 2.067000000000000087e-02 1.383300000000000085e-01 2.067000000000000087e-02
1.367400000000000004e-01 2.226000000000000201e-02 1.367400000000000004e-01 2.226000000000000201e-02 1.367400000000000004e-01 2.226000000000000201e-02 1.367400000000000004e-01 2.226000000000000201e-02 1.367400000000000004e-01 2.226000000000000201e-02
1.351499999999999924e-01 2.384999999999999967e-02 1.351499999999999924e-01 2.384999999999999967e-02 1.351499999999999924e-01 2.384999999999999967e-02 1.351499999999999924e-01 2.384999999999999967e-02 1.351499999999999924e-01 2.384999999999999967e-02
1.335599999999999843e-01 2.544000000000000081e-02 1.335599999999999843e-01 2.544000000000000081e-02 1.335599999999999843e-01 2.544000000000000081e-02 1.335599999999999843e-01 2.544000000000000081e-02 1.335599999999999843e-01 2.544000000000000081e-02
1.319700000000000040e-01 2.703000000000000194e-02 1.319700000000000040e-01 2.703000000000000194e-02 1.319700000000000040e-01 2.703000000000000194e-02 1.319700000000000040e-01 2.703000000000000194e-02 1.319700000000000040e-01 2.703000000000000194e-02
1.303800000000000237e-01 2.861999999999999961e-02 1.303800000000000237e-01 2.861999999999999961e-02 1.303800000000000237e-01 2.861999999999999961e-02 1.303800000000000237e-01 2.861999999999999961e-02 1.303800000000000237e-01 2.861999999999999961e-02
1.287900000000000156e-01 3.021000000000000074e-02 1.287900000000000156e-01 3.021000000000000074e-02 1.287900000000000156e-01 3.021000000000000074e-02 1.287900000000000156e-01 3.021000000000000074e-02 1.287900000000000156e-01 3.021000000000000074e-02
1.272000000000000075e-01 3.180000000000000188e-02 1.272000000000000075e-01 3.180000000000000188e-02 1.272000000000000075e-01 3.180000000000000188e-02 1.272000000000000075e-01 3.180000000000000188e-02 1.272000000000000075e-01 3.180000000000000188e-02
1.256099999999999994e-01 3.338999999999999607e-02 1.256099999999999994e-01 3.338999999999999607e-02 1.256099999999999994e-01 3.338999999999999607e-02 1.256099999999999994e-01 3.338999999999999607e-02 1.256099999999999994e-01 3.338999999999999607e-02
1.240200000000000052e-01 3.498000000000000415e-02 1.240200000000000052e-01 3.498000000000000415e-02 1.240200000000000052e-01 3.498000000000000415e-02 1.240200000000000052e-01 3.498000000000000415e-02 1.240200000000000052e-01 3.498000000000000415e-02
1.224300000000000110e-01 3.657000000000000528e-02 1.224300000000000110e-01 3.657000000000000528e-02 1.224300000000000110e-01 3.657000000000000528e-02 1.224300000000000110e-01 3.657000000000000528e-02 1.224300000000000110e-01 3.657000000000000528e-02
1.208400000000000030e-01 3.815999999999999948e-02 1.208400000000000030e-01 3.815999999999999948e-02 1.208400000000000030e-01 3.815999999999999948e-02 1.208400000000000030e-01 3.815999999999999948e-02 1.208400000000000030e-01 3.815999999999999948e-02
1.192499999999999949e-01 3.975000000000000061e-02 1.192499999999999949e-01 3.975000000000000061e-02 1.192499999999999949e-01 3.975000000000000061e-02 1.192499999999999949e-01 3.975000000000000061e-02 1.192499999999999949e-01 3.975000000000000061e-02
1.176600000000000007e-01 4.134000000000000175e-02 1.176600000000000007e-01 4.134000000000000175e-02 1.176600000000000007e-01 4.134000000000000175e-02 1.176600000000000007e-01 4.134000000000000175e-02 1.176600000000000007e-01 4.134000000000000175e-02
1.160699999999999926e-01 4.293000000000000288e-02 1.160699999999999926e-01 4.293000000000000288e-02 1.160699999999999926e-01 4.293000000000000288e-02 1.160699999999999926e-01 4.293000000000000288e-02 1.160699999999999926e-01 4.293000000000000288e-02
1.144799999999999984e-01 4.452000000000000401e-02 1.144799999999999984e-01 4.452000000000000401e-02 1.144799999999999984e-01 4.452000000000000401e-02 1.144799999999999984e-01 4.452000000000000401e-02 1.144799999999999984e-01 4.452000000000000401e-02
1.128899999999999904e-01 4.610999999999999821e-02 1.128899999999999904e-01 4.610999999999999821e-02 1.128899999999999904e-01 4.610999999999999821e-02 1.128899999999999904e-01 4.610999999999999821e-02 1.128899999999999904e-01 4.610999999999999821e-02
1.112999999999999962e-01 4.769999999999999934e-02 1.112999999999999962e-01 4.769999999999999934e-02 1.112999999999999962e-01 4.769999999999999934e-02 1.112999999999999962e-01 4.769999999999999934e-02 1.112999999999999962e-01 4.769999999999999934e-02
1.097099999999999881e-01 4.929000000000000048e-02 1.097099999999999881e-01 4.929000000000000048e-02 1.097099999999999881e-01 4.929000000000000048e-02 1.097099999999999881e-01 4.929000000000000048e-02 1.097099999999999881e-01 4.929000000000000048e-02
1.081199999999999939e-01 5.088000000000000161e-02 1.081199999999999939e-01 5.088000000000000161e-02 1.081199999999999939e-01 5.088000000000000161e-02 1.081199999999999939e-01 5.088000000000000161e-02 1.081199999999999939e-01 5.088000000000000161e-02
1.065299999999999858e-01 5.247000000000000275e-02 1.065299999999999858e-01 5.247000000000000275e-02 1.065299999999999858e-01 5.247000000000000275e-02 1.065299999999999858e-01 5.247000000000000275e-02 1.065299999999999858e-01 5.247000000000000275e-02
1.049399999999999916e-01 5.406000000000000388e-02 1.049399999999999916e-01 5.406000000000000388e-02 1.049399999999999916e-01 5.406000000000000388e-02 1.049399999999999916e-01 5.406000000000000388e-02 1.049399999999999916e-01 5.406000000000000388e-02
1.033499999999999835e-01 5.565000000000000502e-02 1.033499999999999835e-01 5.565000000000000502e-02 1.033499999999999835e-01 5.565000000000000502e-02 1.033499999999999835e-01 5.565000000000000502e-02 1.033499999999999835e-01 5.565000000000000502e-02
1.017600000000000032e-01 5.723999999999999921e-02 1.017600000000000032e-01 5.723999999999999921e-02 1.017600000000000032e-01 5.723999999999999921e-02 1.017600000000000032e-01 5.723999999999999921e-02 1.017600000000000032e-01 5.723999999999999921e-02
1.001700000000000090e-01 5.883000000000000035e-02 1.001700000000000090e-01 5.883000000000000035e-02 1.001700000000000090e-01 5.883000000000000035e-02 1.001700000000000090e-01 5.883000000000000035e-02 1.001700000000000090e-01 5.883000000000000035e-02
9.858000000000000096e-02 6.042000000000000148e-02 9.858000000000000096e-02 6.042000000000000148e-02 9.858000000000000096e-02 6.042000000000000148e-02 9.858000000000000096e-02 6.042000000000000148e-02 9.858000000000000096e-02 6.042000000000000148e-02
9.698999999999999289e-02 6.201000000000000262e-02 9.698999999999999289e-02 6.201000000000000262e-02 9.698999999999999289e-02 6.201000000000000262e-02 9.698999999999999289e-02 6.201000000000000262e-02 9.698999999999999289e-02 6.201000000000000262e-02
9.539999999999999869e-02 6.360000000000000375e-02 9.539999999999999869e-02 6.360000000000000375e-02 9.539999999999999869e-02 6.360000000000000375e-02 9.539999999999999869e-02 6.360000000000000375e-02 9.539999999999999869e-02 6.360000000000000375e-02
9.380999999999999062e-02 6.519000000000001183e-02 9.380999999999999062e-02 6.519000000000001183e-02 9.380999999999999062e-02 6.519000000000001183e-02 9.380999999999999062e-02 6.519000000000001183e-02 9.380999999999999062e-02 6.519000000000001183e-02
9.222000000000001030e-02 6.677999999999999214e-02 9.222000000000001030e-02 6.677999999999999214e-02 9.222000000000001030e-02 6.677999999999999214e-02 9.222000000000001030e-02 6.677999999999999214e-02 9.222000000000001030e-02 6.677999999999999214e-02
9.063000000000001610e-02 6.837000000000000022e-02 9.063000000000001610e-02 6.837000000000000022e-02 9.063000000000001610e-02 6.837000000000000022e-02 9.063000000000001610e-02 6.837000000000000022e-02 9.063000000000001610e-02 6.837000000000000022e-02
8.904000000000000803e-02 6.996000000000000829e-02 8.904000000000000803e-02 6.996000000000000829e-02 8.904000000000000803e-02 6.996000000000000829e-02 8.904000000000000803e-02 6.996000000000000829e-02 8.904000000000000803e-02 6.996000000000000829e-02
8.745000000000001383e-02 7.155000000000000249e-02 8.745000000000001383e-02 7.155000000000000249e-02 8.745000000000001383e-02 7.155000000000000249e-02 8.745000000000001383e-02 7.155000000000000249e-02 8.745000000000001383e-02 7.155000000000000249e-02
8.586000000000000576e-02 7.314000000000001056e-02 8.586000000000000576e-02 7.314000000000001056e-02 8.586000000000000576e-02 7.314000000000001056e-02 8.586000000000000576e-02 7.314000000000001056e-02 8.586000000000000576e-02 7.314000000000001056e-02
8.427000000000001156e-02 7.473000000000000476e-02 8.427000000000001156e-02 7.473000000000000476e-02 8.427000000000001156e-02 7.473000000000000476e-02 8.427000000000001156e-02 7.473000000000000476e-02 8.427000000000001156e-02 7.473000000000000476e-02
8.268000000000000349e-02 7.631999999999999895e-02 8.268000000000000349e-02 7.631999999999999895e-02 8.268000000000000349e-02 7.631999999999999895e-02 8.268000000000000349e-02 7.631999999999999895e-02 8.268000000000000349e-02 7.631999999999999895e-02
8.109000000000000929e-02 7.790999999999999315e-02 8.109000000000000929e-02 7.790999999999999315e-02 8.109000000000000929e-02 7.790999999999999315e-02 8.109000000000000929e-02 7.790999999999999315e-02 8.109000000000000929e-02 7.790999999999999315e-02
7.950000000000000122e-02 7.950000000000000122e-02 7.950000000000000122e-02 7.950000000000000122e-02 7.950000000000000122e-02 7.950000000000000122e-02 7.950000000000000122e-02 7.950000000000000122e-02 7.950000000000000122e-02 7.950000000000000122e-02
7.790999999999999315e-02 8.109000000000000929e-02 7.790999999999999315e-02 8.109000000000000929e-02 7.790999999999999315e-02 8.109000000000000929e-02 7.790999999999999315e-02 8.109000000000000929e-02 7.790999999999999315e-02 8.109000000000000929e-02
7.631999999999999895e-02 8.268000000000000349e-02 7.631999999999999895e-02 8.268000000000000349e-02 7.631999999999999895e-02 8.268000000000000349e-02 7.631999999999999895e-02 8.268000000000000349e-02 7.631999999999999895e-02 8.268000000000000349e-02
7.472999999999999088e-02 8.427000000000001156e-02 7.472999999999999088e-02 8.427000000000001156e-02 7.472999999999999088e-02 8.427000000000001156e-02 7.472999999999999088e-02 8.427000000000001156e-02 7.472999999999999088e-02 8.427000000000001156e-02
7.313999999999999668e-02 8.586000000000000576e-02 7.313999999999999668e-02 8.586000000000000576e-02 7.313999999999999668e-02 8.586000000000000576e-02 7.313999999999999668e-02 8.586000000000000576e-02 7.313999999999999668e-02 8.586000000000000576e-02
7.154999999999998861e-02 8.745000000000001383e-02 7.154999999999998861e-02 8.745000000000001383e-02 7.154999999999998861e-02 8.745000000000001383e-02 7.154999999999998861e-02 8.745000000000001383e-02 7.154999999999998861e-02 8.745000000000001383e-02
6.995999999999999441e-02 8.904000000000000803e-02 6.995999999999999441e-02 8.904000000000000803e-02 6.995999999999999441e-02 8.904000000000000803e-02 6.995999999999999441e-02 8.904000000000000803e-02 6.995999999999999441e-02 8.904000000000000803e-02
6.836999999999998634e-02 9.063000000000001610e-02 6.836999999999998634e-02 9.063000000000001610e-02 6.836999999999998634e-02 9.063000000000001610e-02 6.836999999999998634e-02 9.063000000000001610e-02 6.836999999999998634e-02 9.063000000000001610e-02
6.678000000000000602e-02 9.221999999999999642e-02 6.678000000000000602e-02 9.221999999999999642e-02 6.678000000000000602e-02 9.221999999999999642e-02 6.678000000000000602e-02 9.221999999999999642e-02 6.678000000000000602e-02 9.221999999999999642e-02
6.519000000000001183e-02 9.380999999999999062e-02 6.519000000000001183e-02 9.380999999999999062e-02 6.519000000000001183e-02 9.380999999999999062e-02 6.519000000000001183e-02 9.380999999999999062e-02 6.519000000000001183e-02 9.380999999999999062e-02
6.360000000000000375e-02 9.539999999999999869e-02 6.360000000000000375e-02 9.539999999999999869e-02 6.360000000000000375e-02 9.539999999999999869e-02 6.360000000000000375e-02 9.539999999999999869e-02 6.360000000000000375e-02 9.539999999999999869e-02
6.201000000000000262e-02 9.698999999999999289e-02 6.201000000000000262e-02 9.698999999999999289e-02 6.201000000000000262e-02 9.698999999999999289e-02 6.201000000000000262e-02 9.698999999999999289e-02 6.201000000000000262e-02 9.698999999999999289e-02
6.042000000000000148e-02 9.858000000000000096e-02 6.042000000000000148e-02 9.858000000000000096e-02 6.042000000000000148e-02 9.858000000000000096e-02 6.042000000000000148e-02 9.858000000000000096e-02 6.042000000000000148e-02 9.858000000000000096e-02
5.883000000000000035e-02 1.001700000000000090e-01 5.883000000000000035e-02 1.001700000000000090e-01 5.883000000000000035e-02 1.001700000000000090e-01 5.883000000000000035e-02 1.001700000000000090e-01 5.883000000000000035e-02 1.001700000000000090e-01
5.723999999999999921e-02 1.017600000000000032e-01 5.723999999999999921e-02 1.017600000000000032e-01 5.723999999999999921e-02 1.017600000000000032e-01 5.723999999999999921e-02 1.017600000000000032e-01 5.723999999999999921e-02 1.017600000000000032e-01
5.564999999999999808e-02 1.033500000000000113e-01 5.564999999999999808e-02 1.033500000000000113e-01 5.564999999999999808e-02 1.033500000000000113e-01 5.564999999999999808e-02 1.033500000000000113e-01 5.564999999999999808e-02 1.033500000000000113e-01
5.405999999999999694e-02 1.049400000000000055e-01 5.405999999999999694e-02 1.049400000000000055e-01 5.405999999999999694e-02 1.049400000000000055e-01 5.405999999999999694e-02 1.049400000000000055e-01 5.405999999999999694e-02 1.049400000000000055e-01
5.246999999999999581e-02 1.065300000000000136e-01 5.246999999999999581e-02 1.065300000000000136e-01 5.246999999999999581e-02 1.065300000000000136e-01 5.246999999999999581e-02 1.065300000000000136e-01 5.246999999999999581e-02 1.065300000000000136e-01
5.087999999999999468e-02 1.081200000000000078e-01 5.087999999999999468e-02 1.081200000000000078e-01 5.087999999999999468e-02 1.081200000000000078e-01 5.087999999999999468e-02 1.081200000000000078e-01 5.087999999999999468e-02 1.081200000000000078e-01
4.928999999999999354e-02 1.097100000000000158e-01 4.928999999999999354e-02 1.097100000000000158e-01 4.928999999999999354e-02 1.097100000000000158e-01 4.928999999999999354e-02 1.097100000000000158e-01 4.928999999999999354e-02 1.097100000000000158e-01
4.769999999999999241e-02 1.113000000000000100e-01 4.769999999999999241e-02 1.113000000000000100e-01 4.769999999999999241e-02 1.113000000000000100e-01 4.769999999999999241e-02 1.113000000000000100e-01 4.769999999999999241e-02 1.113000000000000100e-01
4.611000000000000515e-02 1.128899999999999904e-01 4.611000000000000515e-02 1.128899999999999904e-01 4.611000000000000515e-02 1.128899999999999904e-01 4.611000000000000515e-02 1.128899999999999904e-01 4.611000000000000515e-02 1.128899999999999904e-01
4.452000000000000401e-02 1.144799999999999984e-01 4.452000000000000401e-02 1.144799999999999984e-01 4.452000000000000401e-02 1.144799999999999984e-01 4.452000000000000401e-02 1.144799999999999984e-01 4.452000000000000401e-02 1.144799999999999984e-01
4.293000000000000288e-02 1.160699999999999926e-01 4.293000000000000288e-02 1.160699999999999926e-01 4.293000000000000288e-02 1.160699999999999926e-01 4.293000000000000288e-02 1.160699999999999926e-01 4.293000000000000288e-02 1.160699999999999926e-01
4.134000000000000175e-02 1.176600000000000007e-01 4.134000000000000175e-02 1.176600000000000007e-01 4.134000000000000175e-02 1.176600000000000007e-01 4.134000000000000175e-02 1.176600000000000007e-01 4.134000000000000175e-02 1.176600000000000007e-01
3.975000000000000061e-02 1.192499999999999949e-01 3.975000000000000061e-02 1.192499999999999949e-01 3.975000000000000061e-02 1.192499999999999949e-01 3.975000000000000061e-02 1.192499999999999949e-01 3.975000000000000061e-02 1.192499999999999949e-01
3.815999999999999948e-02 1.208400000000000030e-01 3.815999999999999948e-02 1.208400000000000030e-01 3.815999999999999948e-02 1.208400000000000030e-01 3.815999999999999948e-02 1.208400000000000030e-01 3.815999999999999948e-02 1.208400000000000030e-01
3.656999999999999834e-02 1.224300000000000110e-01 3.656999999999999834e-02 1.224300000000000110e-01 3.656999999999999834e-02 1.224300000000000110e-01 3.656999999999999834e-02 1.224300000000000110e-01 3.656999999999999834e-02 1.224300000000000110e-01
3.497999999999999721e-02 1.240200000000000052e-01 3.497999999999999721e-02 1.240200000000000052e-01 3.497999999999999721e-02 1.240200000000000052e-01 3.497999999999999721e-02 1.240200000000000052e-01 3.497999999999999721e-02 1.240200000000000052e-01
3.338999999999999607e-02 1.256099999999999994e-01 3.338999999999999607e-02 1.256099999999999994e-01 3.338999999999999607e-02 1.256099999999999994e-01 3.338999999999999607e-02 1.256099999999999994e-01 3.338999999999999607e-02 1.256099999999999994e-01
3.179999999999999494e-02 1.272000000000000075e-01 3.179999999999999494e-02 1.272000000000000075e-01 3.179999999999999494e-02 1.272000000000000075e-01 3.179999999999999494e-02 1.272000000000000075e-01 3.179999999999999494e-02 1.272000000000000075e-01
3.020999999999999033e-02 1.287900000000000156e-01 3.020999999999999033e-02 1.287900000000000156e-01 3.020999999999999033e-02 1.287900000000000156e-01 3.020999999999999033e-02 1.287900000000000156e-01 3.020999999999999033e-02 1.287900000000000156e-01
2.861999999999998920e-02 1.303800000000000237e-01 2.861999999999998920e-02 1.303800000000000237e-01 2.861999999999998920e-02 1.303800000000000237e-01 2.861999999999998920e-02 1.303800000000000237e-01 2.861999999999998920e-02 1.303800000000000237e-01
2.702999999999998806e-02 1.319700000000000040e-01 2.702999999999998806e-02 1.319700000000000040e-01 2.702999999999998806e-02 1.319700000000000040e-01 2.702999999999998806e-02 1.319700000000000040e-01 2.702999999999998806e-02 1.319700000000000040e-01
2.544000000000000428e-02 1.335599999999999843e-01 2.544000000000000428e-02 1.335599999999999843e-01 2.544000000000000428e-02 1.335599999999999843e-01 2.544000000000000428e-02 1.335599999999999843e-01 2.544000000000000428e-02 1.335599999999999843e-01
2.385000000000000314e-02 1.351499999999999924e-01 2.385000000000000314e-02 1.351499999999999924e-01 2.385000000000000314e-02 1.351499999999999924e-01 2.385000000000000314e-02 1.351499999999999924e-01 2.385000000000000314e-02 1.351499999999999924e-01
2.226000000000000201e-02 1.367400000000000004e-01 2.226000000000000201e-02 1.367400000000000004e-01 2.226000000000000201e-02 1.367400000000000004e-01 2.226000000000000201e-02 1.367400000000000004e-01 2.226000000000000201e-02 1.367400000000000004e-01
2.067000000000000087e-02 1.383300000000000085e-01 2.067000000000000087e-02 1.383300000000000085e-01 2.067000000000000087e-02 1.383300000000000085e-01 2.067000000000000087e-02 1.383300000000000085e-01 2.067000000000000087e-02 1.383300000000000085e-01
1.907999999999999974e-02 1.399200000000000166e-01 1.907999999999999974e-02 1.399200000000000166e-01 1.907999999999999974e-02 1.399200000000000166e-01 1.907999999999999974e-02 1.399200000000000166e-01 1.907999999999999974e-02 1.399200000000000166e-01
1.748999999999999860e-02 1.415099999999999969e-01 1.748999999999999860e-02 1.415099999999999969e-01 1.748999999999999860e-02 1.415099999999999969e-01 1.748999999999999860e-02 1.415099999999999969e-01 1.748999999999999860e-02 1.415099999999999969e-01
1.589999999999999747e-02 1.431000000000000050e-01 1.589999999999999747e-02 1.431000000000000050e-01 1.589999999999999747e-02 1.431000000000000050e-01 1.589999999999999747e-02 1.431000000000000050e-01 1.589999999999999747e-02 1.431000000000000050e-01
1.430999999999999460e-02 1.446900000000000130e-01 1.430999999999999460e-02 1.446900000000000130e-01 1.430999999999999460e-02 1.446900000000000130e-01 1.430999999999999460e-02 1.446900000000000130e-01 1.430999999999999460e-02 1.446900000000000130e-01
1.271999999999999346e-02 1.462800000000000211e-01 1.271999999999999346e-02 1.462800000000000211e-01 1.271999999999999346e-02 1.462800000000000211e-01 1.271999999999999346e-02 1.462800000000000211e-01 1.271999999999999346e-02 1.462800000000000211e-01
1.112999999999999233e-02 1.478700000000000014e-01 1.112999999999999233e-02 1.478700000000000014e-01 1.112999999999999233e-02 1.478700000000000014e-01 1.112999999999999233e-02 1.478700000000000014e-01 1.112999999999999233e-02 1.478700000000000014e-01
9.539999999999991195e-03 1.494600000000000095e-01 9.539999999999991195e-03 1.494600000000000095e-01 9.539999999999991195e-03 1.494600000000000095e-01 9.539999999999991195e-03 1.494600000000000095e-01 9.539999999999991195e-03 1.494600000000000095e-01
7.949999999999990061e-03 1.510500000000000176e-01 7.949999999999990061e-03 1.510500000000000176e-01 7.949999999999990061e-03 1.510500000000000176e-01 7.949999999999990061e-03 1.510500000000000176e-01 7.949999999999990061e-03 1.510500000000000176e-01
6.360000000000005406e-03 1.526399999999999979e-01 6.360000000000005406e-03 1.526399999999999979e-01 6.360000000000005406e-03 1.526399999999999979e-01 6.360000000000005406e-03 1.526399999999999979e-01 6.360000000000005406e-03 1.526399999999999979e-01
4.770000000000004271e-03 1.542300000000000060e-01 4.770000000000004271e-03 1.542300000000000060e-01 4.770000000000004271e-03 1.542300000000000060e-01 4.770000000000004271e-03 1.542300000000000060e-01 4.770000000000004271e-03 1.542300000000000060e-01
3.180000000000002703e-03 1.558199999999999863e-01 3.180000000000002703e-03 1.558199999999999863e-01 3.180000000000002703e-03 1.558199999999999863e-01 3.180000000000002703e-03 1.558199999999999863e-01 3.180000000000002703e-03 1.558199999999999863e-01
1.590000000000001351e-03 1.574099999999999944e-01 1.590000000000001351e-03 1.574099999999999944e-01 1.590000000000001351e-03 1.574099999999999944e-01 1.590000000000001351e-03 1.574099999999999944e-01 1.590000000000001351e-03 1.574099999999999944e-01
0.000000000000000000e+00 1.590000000000000024e-01 0.000000000000000000e+00 1.590000000000000024e-01 0.000000000000000000e+00 1.590000000000000024e-01 0.000000000000000000e+00 1.590000000000000024e-01 0.000000000000000000e+00 1.590000000000000024e-01
0.000000000000000000e+00 1.590000000000000024e-01 0.000000000000000000e+00 1.590000000000000024e-01 0.000000000000000000e+00 1.590000000000000024e-01 0.000000000000000000e+00 1.590000000000000024e-01 0.000000000000000000e+00 1.590000000000000024e-01
1.606060606060606298e-03 1.573939393939393916e-01 1.606060606060606298e-03 1.573939393939393916e-01 1.606060606060606298e-03 1.573939393939393916e-01 1.606060606060606298e-03 1.573939393939393916e-01 1.606060606060606298e-03 1.573939393939393916e-01
3.212121212121212595e-03 1.557878787878787807e-01 3.212121212121212595e-03 1.557878787878787807e-01 3.212121212121212595e-03 1.557878787878787807e-01 3.212121212121212595e-03 1.557878787878787807e-01 3.212121212121212595e-03 1.557878787878787807e-01
4.818181818181818676e-03 1.541818181818181976e-01 4.818181818181818676e-03 1.541818181818181976e-01 4.818181818181818676e-03 1.541818181818181976e-01 4.818181818181818676e-03 1.541818181818181976e-01 4.818181818181818676e-03 1.541818181818181976e-01
6.424242424242425191e-03 1.525757575757575590e-01 6.424242424242425191e-03 1.525757575757575590e-01 6.424242424242425191e-03 1.525757575757575590e-01 6.424242424242425191e-03 1.525757575757575590e-01 6.424242424242425191e-03 1.525757575757575590e-01
8.030303030303031706e-03 1.509696969696969759e-01 8.030303030303031706e-03 1.509696969696969759e-01 8.030303030303031706e-03 1.509696969696969759e-01 8.030303030303031706e-03 1.509696969696969759e-01 8.030303030303031706e-03 1.509696969696969759e-01
9.636363636363637353e-03 1.493636363636363651e-01 9.636363636363637353e-03 1.493636363636363651e-01 9.636363636363637353e-03 1.493636363636363651e-01 9.636363636363637353e-03 1.493636363636363651e-01 9.636363636363637353e-03 1.493636363636363651e-01
1.124242424242424473e-02 1.477575757575757542e-01 1.124242424242424473e-02 1.477575757575757542e-01 1.124242424242424473e-02 1.477575757575757542e-01 1.124242424242424473e-02 1.477575757575757542e-01 1.124242424242424473e-02 1.477575757575757542e-01
1.284848484848485038e-02 1.461515151515151711e-01 1.284848484848485038e-02 1.461515151515151711e-01 1.284848484848485038e-02 1.461515151515151711e-01 1.284848484848485038e-02 1.461515151515151711e-01 1.284848484848485038e-02 1.461515151515151711e-01
1.445454545454545603e-02 1.445454545454545325e-01 1.445454545454545603e-02 1.445454545454545325e-01 1.445454545454545603e-02 1.445454545454545325e-01 1.445454545454545603e-02 1.445454545454545325e-01 1.445454545454545603e-02 1.445454545454545325e-01
1.606060606060606341e-02 1.429393939393939494e-01 1.606060606060606341e-02 1.429393939393939494e-01 1.606060606060606341e-02 1.429393939393939494e-01 1.606060606060606341e-02 1.429393939393939494e-01 1.606060606060606341e-02 1.429393939393939494e-01
1.766666666666666732e-02 1.413333333333333386e-01 1.766666666666666732e-02 1.413333333333333386e-01 1.766666666666666732e-02 1.413333333333333386e-01 1.766666666666666732e-02 1.413333333333333386e-01 1.766666666666666732e-02 1.413333333333333386e-01
1.927272727272727471e-02 1.397272727272727277e-01 1.927272727272727471e-02 1.397272727272727277e-01 1.927272727272727471e-02 1.397272727272727277e-01 1.927272727272727471e-02 1.397272727272727277e-01 1.927272727272727471e-02 1.397272727272727277e-01
2.087878787878788209e-02 1.381212121212121169e-01 2.087878787878788209e-02 1.381212121212121169e-01 2.087878787878788209e-02 1.381212121212121169e-01 2.087878787878788209e-02 1.381212121212121169e-01 2.087878787878788209e-02 1.381212121212121169e-01
2.248484848484848947e-02 1.365151515151515060e-01 2.248484848484848947e-02 1.365151515151515060e-01 2.248484848484848947e-02 1.365151515151515060e-01 2.248484848484848947e-02 1.365151515151515060e-01 2.248484848484848947e-02 1.365151515151515060e-01
2.409090909090909338e-02 1.349090909090909229e-01 2.409090909090909338e-02 1.349090909090909229e-01 2.409090909090909338e-02 1.349090909090909229e-01 2.409090909090909338e-02 1.349090909090909229e-01 2.409090909090909338e-02 1.349090909090909229e-01
2.569696969696970076e-02 1.333030303030303121e-01 2.569696969696970076e-02 1.333030303030303121e-01 2.569696969696970076e-02 1.333030303030303121e-01 2.569696969696970076e-02 1.333030303030303121e-01 2.569696969696970076e-02 1.333030303030303121e-01
2.730303030303030815e-02 1.316969696969697012e-01 2.730303030303030815e-02 1.316969696969697012e-01 2.730303030303030815e-02 1.316969696969697012e-01 2.730303030303030815e-02 1.316969696969697012e-01 2.730303030303030815e-02 1.316969696969697012e-01
2.890909090909091206e-02 1.300909090909090904e-01 2.890909090909091206e-02 1.300909090909090904e-01 2.890909090909091206e-02 1.300909090909090904e-01 2.890909090909091206e-02 1.300909090909090904e-01 2.890909090909091206e-02 1.300909090909090904e-01
3.051515151515151944e-02 1.284848484848484795e-01 3.051515151515151944e-02 1.284848484848484795e-01 3.051515151515151944e-02 1.284848484848484795e-01 3.051515151515151944e-02 1.284848484848484795e-01 3.051515151515151944e-02 1.284848484848484795e-01
3.212121212121212682e-02 1.268787878787878964e-01 3.212121212121212682e-02 1.268787878787878964e-01 3.212121212121212682e-02 1.268787878787878964e-01 3.212121212121212682e-02 1.268787878787878964e-01 3.212121212121212682e-02 1.268787878787878964e-01
3.372727272727273073e-02 1.252727272727272578e-01 3.372727272727273073e-02 1.252727272727272578e-01 3.372727272727273073e-02 1.252727272727272578e-01 3.372727272727273073e-02 1.252727272727272578e-01 3.372727272727273073e-02 1.252727272727272578e-01
3.533333333333333465e-02 1.236666666666666747e-01 3.533333333333333465e-02 1.236666666666666747e-01 3.533333333333333465e-02 1.236666666666666747e-01 3.533333333333333465e-02 1.236666666666666747e-01 3.533333333333333465e-02 1.236666666666666747e-01
3.693939393939394550e-02 1.220606060606060500e-01 3.693939393939394550e-02 1.220606060606060500e-01 3.693939393939394550e-02 1.220606060606060500e-01 3.693939393939394550e-02 1.220606060606060500e-01 3.693939393939394550e-02 1.220606060606060500e-01
3.854545454545454941e-02 1.204545454545454530e-01 3.854545454545454941e-02 1.204545454545454530e-01 3.854545454545454941e-02 1.204545454545454530e-01 3.854545454545454941e-02 1.204545454545454530e-01 3.854545454545454941e-02 1.204545454545454530e-01
4.015151515151515332e-02 1.188484848484848422e-01 4.015151515151515332e-02 1.188484848484848422e-01 4.015151515151515332e-02 1.188484848484848422e-01 4.015151515151515332e-02 1.188484848484848422e-01 4.015151515151515332e-02 1.188484848484848422e-01
4.175757575757576417e-02 1.172424242424242452e-01 4.175757575757576417e-02 1.172424242424242452e-01 4.175757575757576417e-02 1.172424242424242452e-01 4.175757575757576417e-02 1.172424242424242452e-01 4.175757575757576417e-02 1.172424242424242452e-01
4.336363636363636809e-02 1.156363636363636482e-01 4.336363636363636809e-02 1.156363636363636482e-01 4.336363636363636809e-02 1.156363636363636482e-01 4.336363636363636809e-02 1.156363636363636482e-01 4.336363636363636809e-02 1.156363636363636482e-01
4.496969696969697894e-02 1.140303030303030235e-01 4.496969696969697894e-02 1.140303030303030235e-01 4.496969696969697894e-02 1.140303030303030235e-01 4.496969696969697894e-02 1.140303030303030235e-01 4.496969696969697894e-02 1.140303030303030235e-01
4.657575757575757591e-02 1.124242424242424265e-01 4.657575757575757591e-02 1.124242424242424265e-01 4.657575757575757591e-02 1.124242424242424265e-01 4.657575757575757591e-02 1.124242424242424265e-01 4.657575757575757591e-02 1.124242424242424265e-01
4.818181818181818676e-02 1.108181818181818296e-01 4.818181818181818676e-02 1.108181818181818296e-01 4.818181818181818676e-02 1.108181818181818296e-01 4.818181818181818676e-02 1.108181818181818296e-01 4.818181818181818676e-02 1.108181818181818296e-01
4.978787878787879068e-02 1.092121212121212048e-01 4.978787878787879068e-02 1.092121212121212048e-01 4.978787878787879068e-02 1.092121212121212048e-01 4.978787878787879068e-02 1.092121212121212048e-01 4.978787878787879068e-02 1.092121212121212048e-01
5.139393939393940153e-02 1.076060606060605940e-01 5.139393939393940153e-02 1.076060606060605940e-01 5.139393939393940153e-02 1.076060606060605940e-01 5.139393939393940153e-02 1.076060606060605940e-01 5.139393939393940153e-02 1.076060606060605940e-01
5.300000000000000544e-02 1.059999999999999970e-01 5.300000000000000544e-02 1.059999999999999970e-01 5.300000000000000544e-02 1.059999999999999970e-01 5.300000000000000544e-02 1.059999999999999970e-01 5.300000000000000544e-02 1.059999999999999970e-01
5.460606060606061629e-02 1.043939393939394000e-01 5.460606060606061629e-02 1.043939393939394000e-01 5.460606060606061629e-02 1.043939393939394000e-01 5.460606060606061629e-02 1.043939393939394000e-01 5.460606060606061629e-02 1.043939393939394000e-01
5.621212121212122020e-02 1.027878787878787753e-01 5.621212121212122020e-02 1.027878787878787753e-01 5.621212121212122020e-02 1.027878787878787753e-01 5.621212121212122020e-02 1.027878787878787753e-01 5.621212121212122020e-02 1.027878787878787753e-01
5.781818181818182412e-02 1.011818181818181783e-01 5.781818181818182412e-02 1.011818181818181783e-01 5.781818181818182412e-02 1.011818181818181783e-01 5.781818181818182412e-02 1.011818181818181783e-01 5.781818181818182412e-02 1.011818181818181783e-01
5.942424242424242803e-02 9.957575757575758135e-02 5.942424242424242803e-02 9.957575757575758135e-02 5.942424242424242803e-02 9.957575757575758135e-02 5.942424242424242803e-02 9.957575757575758135e-02 5.942424242424242803e-02 9.957575757575758135e-02
6.103030303030303888e-02 9.796969696969697050e-02 6.103030303030303888e-02 9.796969696969697050e-02 6.103030303030303888e-02 9.796969696969697050e-02 6.103030303030303888e-02 9.796969696969697050e-02 6.103030303030303888e-02 9.796969696969697050e-02
6.263636363636364279e-02 9.636363636363634577e-02 6.263636363636364279e-02 9.636363636363634577e-02 6.263636363636364279e-02 9.636363636363634577e-02 6.263636363636364279e-02 9.636363636363634577e-02 6.263636363636364279e-02 9.636363636363634577e-02
6.424242424242425364e-02 9.475757575757574880e-02 6.424242424242425364e-02 9.475757575757574880e-02 6.424242424242425364e-02 9.475757575757574880e-02 6.424242424242425364e-02 9.475757575757574880e-02 6.424242424242425364e-02 9.475757575757574880e-02
6.584848484848486450e-02 9.315151515151515182e-02 6.584848484848486450e-02 9.315151515151515182e-02 6.584848484848486450e-02 9.315151515151515182e-02 6.584848484848486450e-02 9.315151515151515182e-02 6.584848484848486450e-02 9.315151515151515182e-02
6.745454545454546147e-02 9.154545454545454097e-02 6.745454545454546147e-02 9.154545454545454097e-02 6.745454545454546147e-02 9.154545454545454097e-02 6.745454545454546147e-02 9.154545454545454097e-02 6.745454545454546147e-02 9.154545454545454097e-02
6.906060606060605844e-02 8.993939393939394400e-02 6.906060606060605844e-02 8.993939393939394400e-02 6.906060606060605844e-02 8.993939393939394400e-02 6.906060606060605844e-02 8.993939393939394400e-02 6.906060606060605844e-02 8.993939393939394400e-02
7.066666666666666929e-02 8.833333333333333315e-02 7.066666666666666929e-02 8.833333333333333315e-02 7.066666666666666929e-02 8.833333333333333315e-02 7.066666666666666929e-02 8.833333333333333315e-02 7.066666666666666929e-02 8.833333333333333315e-02
7.227272727272728015e-02 8.672727272727272230e-02 7.227272727272728015e-02 8.672727272727272230e-02 7.227272727272728015e-02 8.672727272727272230e-02 7.227272727272728015e-02 8.672727272727272230e-02 7.227272727272728015e-02 8.672727272727272230e-02
7.387878787878789100e-02 8.512121212121211145e-02 7.387878787878789100e-02 8.512121212121211145e-02 7.387878787878789100e-02 8.512121212121211145e-02 7.387878787878789100e-02 8.512121212121211145e-02 7.387878787878789100e-02 8.512121212121211145e-02
7.548484848484850185e-02 8.351515151515150059e-02 7.548484848484850185e-02 8.351515151515150059e-02 7.548484848484850185e-02 8.351515151515150059e-02 7.548484848484850185e-02 8.351515151515150059e-02 7.548484848484850185e-02 8.351515151515150059e-02
7.709090909090909882e-02 8.190909090909090362e-02 7.709090909090909882e-02 8.190909090909090362e-02 7.709090909090909882e-02 8.190909090909090362e-02 7.709090909090909882e-02 8.190909090909090362e-02 7.709090909090909882e-02 8.190909090909090362e-02
7.869696969696969580e-02 8.030303030303029277e-02 7.869696969696969580e-02 8.030303030303029277e-02 7.869696969696969580e-02 8.030303030303029277e-02 7.869696969696969580e-02 8.030303030303029277e-02 7.869696969696969580e-02 8.030303030303029277e-02
8.030303030303030665e-02 7.869696969696969580e-02 8.030303030303030665e-02 7.869696969696969580e-02 8.030303030303030665e-02 7.869696969696969580e-02 8.030303030303030665e-02 7.869696969696969580e-02 8.030303030303030665e-02 7.869696969696969580e-02
8.190909090909093138e-02 7.709090909090907107e-02 8.190909090909093138e-02 7.709090909090907107e-02 8.190909090909093138e-02 7.709090909090907107e-02 8.190909090909093138e-02 7.709090909090907107e-02 8.190909090909093138e-02 7.709090909090907107e-02
8.351515151515152835e-02 7.548484848484847409e-02 8.351515151515152835e-02 7.548484848484847409e-02 8.351515151515152835e-02 7.548484848484847409e-02 8.351515151515152835e-02 7.548484848484847409e-02 8.351515151515152835e-02 7.548484848484847409e-02
8.512121212121212532e-02 7.387878787878787712e-02 8.512121212121212532e-02 7.387878787878787712e-02 8.512121212121212532e-02 7.387878787878787712e-02 8.512121212121212532e-02 7.387878787878787712e-02 8.512121212121212532e-02 7.387878787878787712e-02
8.672727272727273617e-02 7.227272727272726627e-02 8.672727272727273617e-02 7.227272727272726627e-02 8.672727272727273617e-02 7.227272727272726627e-02 8.672727272727273617e-02 7.227272727272726627e-02 8.672727272727273617e-02 7.227272727272726627e-02
8.833333333333333315e-02 7.066666666666666929e-02 8.833333333333333315e-02 7.066666666666666929e-02 8.833333333333333315e-02 7.066666666666666929e-02 8.833333333333333315e-02 7.066666666666666929e-02 8.833333333333333315e-02 7.066666666666666929e-02
8.993939393939395788e-02 6.906060606060604457e-02 8.993939393939395788e-02 6.906060606060604457e-02 8.993939393939395788e-02 6.906060606060604457e-02 8.993939393939395788e-02 6.906060606060604457e-02 8.993939393939395788e-02 6.906060606060604457e-02
9.154545454545455485e-02 6.745454545454544759e-02 9.154545454545455485e-02 6.745454545454544759e-02 9.154545454545455485e-02 6.745454545454544759e-02 9.154545454545455485e-02 6.745454545454544759e-02 9.154545454545455485e-02 6.745454545454544759e-02
9.315151515151515182e-02 6.584848484848485062e-02 9.315151515151515182e-02 6.584848484848485062e-02 9.315151515151515182e-02 6.584848484848485062e-02 9.315151515151515182e-02 6.584848484848485062e-02 9.315151515151515182e-02 6.584848484848485062e-02
9.475757575757576268e-02 6.424242424242423977e-02 9.475757575757576268e-02 6.424242424242423977e-02 9.475757575757576268e-02 6.424242424242423977e-02 9.475757575757576268e-02 6.424242424242423977e-02 9.475757575757576268e-02 6.424242424242423977e-02
9.636363636363637353e-02 6.263636363636362892e-02 9.636363636363637353e-02 6.263636363636362892e-02 9.636363636363637353e-02 6.263636363636362892e-02 9.636363636363637353e-02 6.263636363636362892e-02 9.636363636363637353e-02 6.263636363636362892e-02
9.796969696969698438e-02 6.103030303030301806e-02 9.796969696969698438e-02 6.103030303030301806e-02 9.796969696969698438e-02 6.103030303030301806e-02 9.796969696969698438e-02 6.103030303030301806e-02 9.796969696969698438e-02 6.103030303030301806e-02
9.957575757575758135e-02 5.942424242424242109e-02 9.957575757575758135e-02 5.942424242424242109e-02 9.957575757575758135e-02 5.942424242424242109e-02 9.957575757575758135e-02 5.942424242424242109e-02 9.957575757575758135e-02 5.942424242424242109e-02
1.011818181818182061e-01 5.781818181818180330e-02 1.011818181818182061e-01 5.781818181818180330e-02 1.011818181818182061e-01 5.781818181818180330e-02 1.011818181818182061e-01 5.781818181818180330e-02 1.011818181818182061e-01 5.781818181818180330e-02
1.027878787878788031e-01 5.621212121212120633e-02 1.027878787878788031e-01 5.621212121212120633e-02 1.027878787878788031e-01 5.621212121212120633e-02 1.027878787878788031e-01 5.621212121212120633e-02 1.027878787878788031e-01 5.621212121212120633e-02
1.043939393939394000e-01 5.460606060606060241e-02 1.043939393939394000e-01 5.460606060606060241e-02 1.043939393939394000e-01 5.460606060606060241e-02 1.043939393939394000e-01 5.460606060606060241e-02 1.043939393939394000e-01 5.460606060606060241e-02
1.060000000000000109e-01 5.299999999999999156e-02 1.060000000000000109e-01 5.299999999999999156e-02 1.060000000000000109e-01 5.299999999999999156e-02 1.060000000000000109e-01 5.299999999999999156e-02 1.060000000000000109e-01 5.299999999999999156e-02
1.076060606060606079e-01 5.139393939393938765e-02 1.076060606060606079e-01 5.139393939393938765e-02 1.076060606060606079e-01 5.139393939393938765e-02 1.076060606060606079e-01 5.139393939393938765e-02 1.076060606060606079e-01 5.139393939393938765e-02
1.092121212121212326e-01 4.978787878787877680e-02 1.092121212121212326e-01 4.978787878787877680e-02 1.092121212121212326e-01 4.978787878787877680e-02 1.092121212121212326e-01 4.978787878787877680e-02 1.092121212121212326e-01 4.978787878787877680e-02
1.108181818181818296e-01 4.818181818181817289e-02 1.108181818181818296e-01 4.818181818181817289e-02 1.108181818181818296e-01 4.818181818181817289e-02 1.108181818181818296e-01 4.818181818181817289e-02 1.108181818181818296e-01 4.818181818181817289e-02
1.124242424242424404e-01 4.657575757575756203e-02 1.124242424242424404e-01 4.657575757575756203e-02 1.124242424242424404e-01 4.657575757575756203e-02 1.124242424242424404e-01 4.657575757575756203e-02 1.124242424242424404e-01 4.657575757575756203e-02
1.140303030303030374e-01 4.496969696969695812e-02 1.140303030303030374e-01 4.496969696969695812e-02 1.140303030303030374e-01 4.496969696969695812e-02 1.140303030303030374e-01 4.496969696969695812e-02 1.140303030303030374e-01 4.496969696969695812e-02
1.156363636363636482e-01 4.336363636363636115e-02 1.156363636363636482e-01 4.336363636363636115e-02 1.156363636363636482e-01 4.336363636363636115e-02 1.156363636363636482e-01 4.336363636363636115e-02 1.156363636363636482e-01 4.336363636363636115e-02
1.172424242424242591e-01 4.175757575757574336e-02 1.172424242424242591e-01 4.175757575757574336e-02 1.172424242424242591e-01 4.175757575757574336e-02 1.172424242424242591e-01 4.175757575757574336e-02 1.172424242424242591e-01 4.175757575757574336e-02
1.188484848484848561e-01 4.015151515151514638e-02 1.188484848484848561e-01 4.015151515151514638e-02 1.188484848484848561e-01 4.015151515151514638e-02 1.188484848484848561e-01 4.015151515151514638e-02 1.188484848484848561e-01 4.015151515151514638e-02
1.204545454545454669e-01 3.854545454545452859e-02 1.204545454545454669e-01 3.854545454545452859e-02 1.204545454545454669e-01 3.854545454545452859e-02 1.204545454545454669e-01 3.854545454545452859e-02 1.204545454545454669e-01 3.854545454545452859e-02
1.220606060606060778e-01 3.693939393939393162e-02 1.220606060606060778e-01 3.693939393939393162e-02 1.220606060606060778e-01 3.693939393939393162e-02 1.220606060606060778e-01 3.693939393939393162e-02 1.220606060606060778e-01 3.693939393939393162e-02
1.236666666666666747e-01 3.533333333333333465e-02 1.236666666666666747e-01 3.533333333333333465e-02 1.236666666666666747e-01 3.533333333333333465e-02 1.236666666666666747e-01 3.533333333333333465e-02 1.236666666666666747e-01 3.533333333333333465e-02
1.252727272727272856e-01 3.372727272727271686e-02 1.252727272727272856e-01 3.372727272727271686e-02 1.252727272727272856e-01 3.372727272727271686e-02 1.252727272727272856e-01 3.372727272727271686e-02 1.252727272727272856e-01 3.372727272727271686e-02
1.268787878787878964e-01 3.212121212121211988e-02 1.268787878787878964e-01 3.212121212121211988e-02 1.268787878787878964e-01 3.212121212121211988e-02 1.268787878787878964e-01 3.212121212121211988e-02 1.268787878787878964e-01 3.212121212121211988e-02
1.284848484848485073e-01 3.051515151515149862e-02 1.284848484848485073e-01 3.051515151515149862e-02 1.284848484848485073e-01 3.051515151515149862e-02 1.284848484848485073e-01 3.051515151515149862e-02 1.284848484848485073e-01 3.051515151515149862e-02
1.300909090909090904e-01 2.890909090909090165e-02 1.300909090909090904e-01 2.890909090909090165e-02 1.300909090909090904e-01 2.890909090909090165e-02 1.300909090909090904e-01 2.890909090909090165e-02 1.300909090909090904e-01 2.890909090909090165e-02
1.316969696969697290e-01 2.730303030303028386e-02 1.316969696969697290e-01 2.730303030303028386e-02 1.316969696969697290e-01 2.730303030303028386e-02 1.316969696969697290e-01 2.730303030303028386e-02 1.316969696969697290e-01 2.730303030303028386e-02
1.333030303030303121e-01 2.569696969696968689e-02 1.333030303030303121e-01 2.569696969696968689e-02 1.333030303030303121e-01 2.569696969696968689e-02 1.333030303030303121e-01 2.569696969696968689e-02 1.333030303030303121e-01 2.569696969696968689e-02
1.349090909090909229e-01 2.409090909090908644e-02 1.349090909090909229e-01 2.409090909090908644e-02 1.349090909090909229e-01 2.409090909090908644e-02 1.349090909090909229e-01 2.409090909090908644e-02 1.349090909090909229e-01 2.409090909090908644e-02
1.365151515151515338e-01 2.248484848484847212e-02 1.365151515151515338e-01 2.248484848484847212e-02 1.365151515151515338e-01 2.248484848484847212e-02 1.365151515151515338e-01 2.248484848484847212e-02 1.365151515151515338e-01 2.248484848484847212e-02
1.381212121212121169e-01 2.087878787878787168e-02 1.381212121212121169e-01 2.087878787878787168e-02 1.381212121212121169e-01 2.087878787878787168e-02 1.381212121212121169e-01 2.087878787878787168e-02 1.381212121212121169e-01 2.087878787878787168e-02
1.397272727272727555e-01 1.927272727272725736e-02 1.397272727272727555e-01 1.927272727272725736e-02 1.397272727272727555e-01 1.927272727272725736e-02 1.397272727272727555e-01 1.927272727272725736e-02 1.397272727272727555e-01 1.927272727272725736e-02
1.413333333333333386e-01 1.766666666666665692e-02 1.413333333333333386e-01 1.766666666666665692e-02 1.413333333333333386e-01 1.766666666666665692e-02 1.413333333333333386e-01 1.766666666666665692e-02 1.413333333333333386e-01 1.766666666666665692e-02
1.429393939393939494e-01 1.606060606060603912e-02 1.429393939393939494e-01 1.606060606060603912e-02 1.429393939393939494e-01 1.606060606060603912e-02 1.429393939393939494e-01 1.606060606060603912e-02 1.429393939393939494e-01 1.606060606060603912e-02
1.445454545454545603e-01 1.445454545454544215e-02 1.445454545454545603e-01 1.445454545454544215e-02 1.445454545454545603e-01 1.445454545454544215e-02 1.445454545454545603e-01 1.445454545454544215e-02 1.445454545454545603e-01 1.445454545454544215e-02
1.461515151515151711e-01 1.284848484848484344e-02 1.461515151515151711e-01 1.284848484848484344e-02 1.461515151515151711e-01 1.284848484848484344e-02 1.461515151515151711e-01 1.284848484848484344e-02 1.461515151515151711e-01 1.284848484848484344e-02
1.477575757575757820e-01 1.124242424242422739e-02 1.477575757575757820e-01 1.124242424242422739e-02 1.477575757575757820e-01 1.124242424242422739e-02 1.477575757575757820e-01 1.124242424242422739e-02 1.477575757575757820e-01 1.124242424242422739e-02
1.493636363636363651e-01 9.636363636363628679e-03 1.493636363636363651e-01 9.636363636363628679e-03 1.493636363636363651e-01 9.636363636363628679e-03 1.493636363636363651e-01 9.636363636363628679e-03 1.493636363636363651e-01 9.636363636363628679e-03
1.509696969696970037e-01 8.030303030303010889e-03 1.509696969696970037e-01 8.030303030303010889e-03 1.509696969696970037e-01 8.030303030303010889e-03 1.509696969696970037e-01 8.030303030303010889e-03 1.509696969696970037e-01 8.030303030303010889e-03
1.525757575757575868e-01 6.424242424242413048e-03 1.525757575757575868e-01 6.424242424242413048e-03 1.525757575757575868e-01 6.424242424242413048e-03 1.525757575757575868e-01 6.424242424242413048e-03 1.525757575757575868e-01 6.424242424242413048e-03
1.541818181818181976e-01 4.818181818181814340e-03 1.541818181818181976e-01 4.818181818181814340e-03 1.541818181818181976e-01 4.818181818181814340e-03 1.541818181818181976e-01 4.818181818181814340e-03 1.541818181818181976e-01 4.818181818181814340e-03
1.557878787878788085e-01 3.212121212121197417e-03 1.557878787878788085e-01 3.212121212121197417e-03 1.557878787878788085e-01 3.212121212121197417e-03 1.557878787878788085e-01 3.212121212121197417e-03 1.557878787878788085e-01 3.212121212121197417e-03
1.573939393939393916e-01 1.606060606060598708e-03 1.573939393939393916e-01 1.606060606060598708e-03 1.573939393939393916e-01 1.606060606060598708e-03 1.573939393939393916e-01 1.606060606060598708e-03 1.573939393939393916e-01 1.606060606060598708e-03
1.590000000000000024e-01 0.000000000000000000e+00 1.590000000000000024e-01 0.000000000000000000e+00 1.590000000000000024e-01 0.000000000000000000e+00 1.590000000000000024e-01 0.000000000000000000e+00 1.590000000000000024e-01 0.000000000000000000e+00
