0.000000000000000000e+00 1.590000000000000024e-01 0.000000000000000000e+00 1.590000000000000024e-01 0.000000000000000000e+00 1.590000000000000024e-01 0.000000000000000000e+00 1.590000000000000024e-01 0.000000000000000000e+00 1.590000000000000024e-01
7.950000000000000252e-04 1.582050000000000123e-01 7.950000000000000252e-04 1.582050000000000123e-01 7.950000000000000252e-04 1.582050000000000123e-01 7.950000000000000252e-04 1.582050000000000123e-01 7.950000000000000252e-04 1.582050000000000123e-01
1.590000000000000050e-03 1.574099999999999944e-01 1.590000000000000050e-03 1.574099999999999944e-01 1.590000000000000050e-03 1.574099999999999944e-01 1.590000000000000050e-03 1.574099999999999944e-01 1.590000000000000050e-03 1.574099999999999944e-01
2.384999999999999967e-03 1.566150000000000042e-01 2.384999999999999967e-03 1.566150000000000042e-01 2.384999999999999967e-03 1.566150000000000042e-01 2.384999999999999967e-03 1.566150000000000042e-01 2.384999999999999967e-03 1.566150000000000042e-01
3.180000000000000101e-03 1.558199999999999863e-01 3.180000000000000101e-03 1.558199999999999863e-01 3.180000000000000101e-03 1.558199999999999863e-01 3.180000000000000101e-03 1.558199999999999863e-01 3.180000000000000101e-03 1.558199999999999863e-01
3.975000000000000235e-03 1.550249999999999961e-01 3.975000000000000235e-03 1.550249999999999961e-01 3.975000000000000235e-03 1.550249999999999961e-01 3.975000000000000235e-03 1.550249999999999961e-01 3.975000000000000235e-03 1.550249999999999961e-01
4.769999999999999934e-03 1.542300000000000060e-01 4.769999999999999934e-03 1.542300000000000060e-01 4.769999999999999934e-03 1.542300000000000060e-01 4.769999999999999934e-03 1.542300000000000060e-01 4.769999999999999934e-03 1.542300000000000060e-01
5.565000000000000502e-03 1.534349999999999881e-01 5.565000000000000502e-03 1.534349999999999881e-01 5.565000000000000502e-03 1.534349999999999881e-01 5.565000000000000502e-03 1.534349999999999881e-01 5.565000000000000502e-03 1.534349999999999881e-01
6.360000000000000202e-03 1.526399999999999979e-01 6.360000000000000202e-03 1.526399999999999979e-01 6.360000000000000202e-03 1.526399999999999979e-01 6.360000000000000202e-03 1.526399999999999979e-01 6.360000000000000202e-03 1.526399999999999979e-01
7.154999999999999902e-03 1.518450000000000077e-01 7.154999999999999902e-03 1.518450000000000077e-01 7.154999999999999902e-03 1.518450000000000077e-01 7.154999999999999902e-03 1.518450000000000077e-01 7.154999999999999902e-03 1.518450000000000077e-01
7.950000000000000469e-03 1.510499999999999898e-01 7.950000000000000469e-03 1.510499999999999898e-01 7.950000000000000469e-03 1.510499999999999898e-01 7.950000000000000469e-03 1.510499999999999898e-01 7.950000000000000469e-03 1.510499999999999898e-01
8.745000000000001036e-03 1.502549999999999997e-01 8.745000000000001036e-03 1.502549999999999997e-01 8.745000000000001036e-03 1.502549999999999997e-01 8.745000000000001036e-03 1.502549999999999997e-01 8.745000000000001036e-03 1.502549999999999997e-01
9.539999999999999869e-03 1.494599999999999818e-01 9.539999999999999869e-03 1.494599999999999818e-01 9.539999999999999869e-03 1.494599999999999818e-01 9.539999999999999869e-03 1.494599999999999818e-01 9.539999999999999869e-03 1.494599999999999818e-01
1.033500000000000044e-02 1.486650000000000194e-01 1.033500000000000044e-02 1.486650000000000194e-01 1.033500000000000044e-02 1.486650000000000194e-01 1.033500000000000044e-02 1.486650000000000194e-01 1.033500000000000044e-02 1.486650000000000194e-01
1.113000000000000100e-02 1.478700000000000014e-01 1.113000000000000100e-02 1.478700000000000014e-01 1.113000000000000100e-02 1.478700000000000014e-01 1.113000000000000100e-02 1.478700000000000014e-01 1.113000000000000100e-02 1.478700000000000014e-01
1.192499999999999984e-02 1.470750000000000113e-01 1.192499999999999984e-02 1.470750000000000113e-01 1.192499999999999984e-02 1.470750000000000113e-01 1.192499999999999984e-02 1.470750000000000113e-01 1.192499999999999984e-02 1.470750000000000113e-01
1.272000000000000040e-02 1.462800000000000211e-01 1.272000000000000040e-02 1.462800000000000211e-01 1.272000000000000040e-02 1.462800000000000211e-01 1.272000000000000040e-02 1.462800000000000211e-01 1.272000000000000040e-02 1.462800000000000211e-01
1.351500000000000097e-02 1.454850000000000032e-01 1.351500000000000097e-02 1.454850000000000032e-01 1.351500000000000097e-02 1.454850000000000032e-01 1.351500000000000097e-02 1.454850000000000032e-01 1.351500000000000097e-02 1.454850000000000032e-01
1.430999999999999980e-02 1.446900000000000130e-01 1.430999999999999980e-02 1.446900000000000130e-01 1.430999999999999980e-02 1.446900000000000130e-01 1.430999999999999980e-02 1.446900000000000130e-01 1.430999999999999980e-02 1.446900000000000130e-01
1.510500000000000037e-02 1.438949999999999951e-01 1.510500000000000037e-02 1.438949999999999951e-01 1.510500000000000037e-02 1.438949999999999951e-01 1.510500000000000037e-02 1.438949999999999951e-01 1.510500000000000037e-02 1.438949999999999951e-01
1.590000000000000094e-02 1.431000000000000050e-01 1.590000000000000094e-02 1.431000000000000050e-01 1.590000000000000094e-02 1.431000000000000050e-01 1.590000000000000094e-02 1.431000000000000050e-01 1.590000000000000094e-02 1.431000000000000050e-01
1.669499999999999804e-02 1.423050000000000148e-01 1.669499999999999804e-02 1.423050000000000148e-01 1.669499999999999804e-02 1.423050000000000148e-01 1.669499999999999804e-02 1.423050000000000148e-01 1.669499999999999804e-02 1.423050000000000148e-01
1.749000000000000207e-02 1.415099999999999969e-01 1.749000000000000207e-02 1.415099999999999969e-01 1.749000000000000207e-02 1.415099999999999969e-01 1.749000000000000207e-02 1.415099999999999969e-01 1.749000000000000207e-02 1.415099999999999969e-01
1.828500000000000264e-02 1.407150000000000067e-01 1.828500000000000264e-02 1.407150000000000067e-01 1.828500000000000264e-02 1.407150000000000067e-01 1.828500000000000264e-02 1.407150000000000067e-01 1.828500000000000264e-02 1.407150000000000067e-01
1.907999999999999974e-02 1.399200000000000166e-01 1.907999999999999974e-02 1.399200000000000166e-01 1.907999999999999974e-02 1.399200000000000166e-01 1.907999999999999974e-02 1.399200000000000166e-01 1.907999999999999974e-02 1.399200000000000166e-01
1.987500000000000031e-02 1.391249999999999987e-01 1.987500000000000031e-02 1.391249999999999987e-01 1.987500000000000031e-02 1.391249999999999987e-01 1.987500000000000031e-02 1.391249999999999987e-01 1.987500000000000031e-02 1.391249999999999987e-01
2.067000000000000087e-02 1.383300000000000085e-01 2.067000000000000087e-02 1.383300000000000085e-01 2.067000000000000087e-02 1.383300000000000085e-01 2.067000000000000087e-02 1.383300000000000085e-01 2.067000000000000087e-02 1.383300000000000085e-01
2.146500000000000144e-02 1.375349999999999906e-01 2.146500000000000144e-02 1.375349999999999906e-01 2.146500000000000144e-02 1.375349999999999906e-01 2.146500000000000144e-02 1.375349999999999906e-01 2.146500000000000144e-02 1.375349999999999906e-01
2.226000000000000201e-02 1.367400000000000004e-01 2.226000000000000201e-02 1.367400000000000004e-01 2.226000000000000201e-02 1.367400000000000004e-01 2.226000000000000201e-02 1.367400000000000004e-01 2.226000000000000201e-02 1.367400000000000004e-01
2.305499999999999911e-02 1.359450000000000103e-01 2.305499999999999911e-02 1.359450000000000103e-01 2.305499999999999911e-02 1.359450000000000103e-01 2.305499999999999911e-02 1.359450000000000103e-01 2.305499999999999911e-02 1.359450000000000103e-01
2.384999999999999967e-02 1.351499999999999924e-01 2.384999999999999967e-02 1.351499999999999924e-01 2.384999999999999967e-02 1.351499999999999924e-01 2.384999999999999967e-02 1.351499999999999924e-01 2.384999999999999967e-02 1.351499999999999924e-01
2.464500000000000024e-02 1.343550000000000022e-01 2.464500000000000024e-02 1.343550000000000022e-01 2.464500000000000024e-02 1.343550000000000022e-01 2.464500000000000024e-02 1.343550000000000022e-01 2.464500000000000024e-02 1.343550000000000022e-01
2.544000000000000081e-02 1.335599999999999843e-01 2.544000000000000081e-02 1.335599999999999843e-01 2.544000000000000081e-02 1.335599999999999843e-01 2.544000000000000081e-02 1.335599999999999843e-01 2.544000000000000081e-02 1.335599999999999843e-01
2.623500000000000137e-02 1.327649999999999941e-01 2.623500000000000137e-02 1.327649999999999941e-01 2.623500000000000137e-02 1.327649999999999941e-01 2.623500000000000137e-02 1.327649999999999941e-01 2.623500000000000137e-02 1.327649999999999941e-01
2.703000000000000194e-02 1.319700000000000040e-01 2.703000000000000194e-02 1.319700000000000040e-01 2.703000000000000194e-02 1.319700000000000040e-01 2.703000000000000194e-02 1.319700000000000040e-01 2.703000000000000194e-02 1.319700000000000040e-01
2.782500000000000251e-02 1.311749999999999861e-01 2.782500000000000251e-02 1.311749999999999861e-01 2.782500000000000251e-02 1.311749999999999861e-01 2.782500000000000251e-02 1.311749999999999861e-01 2.782500000000000251e-02 1.311749999999999861e-01
2.861999999999999961e-02 1.303800000000000237e-01 2.861999999999999961e-02 1.303800000000000237e-01 2.861999999999999961e-02 1.303800000000000237e-01 2.861999999999999961e-02 1.303800000000000237e-01 2.861999999999999961e-02 1.303800000000000237e-01
2.941500000000000017e-02 1.295850000000000057e-01 2.941500000000000017e-02 1.295850000000000057e-01 2.941500000000000017e-02 1.295850000000000057e-01 2.941500000000000017e-02 1.295850000000000057e-01 2.941500000000000017e-02 1.295850000000000057e-01
3.021000000000000074e-02 1.287900000000000156e-01 3.021000000000000074e-02 1.287900000000000156e-01 3.021000000000000074e-02 1.287900000000000156e-01 3.021000000000000074e-02 1.287900000000000156e-01 3.021000000000000074e-02 1.287900000000000156e-01
3.100500000000000131e-02 1.279949999999999977e-01 3.100500000000000131e-02 1.279949999999999977e-01 3.100500000000000131e-02 1.279949999999999977e-01 3.100500000000000131e-02 1.279949999999999977e-01 3.100500000000000131e-02 1.279949999999999977e-01
3.180000000000000188e-02 1.272000000000000075e-01 3.180000000000000188e-02 1.272000000000000075e-01 3.180000000000000188e-02 1.272000000000000075e-01 3.180000000000000188e-02 1.272000000000000075e-01 3.180000000000000188e-02 1.272000000000000075e-01
3.259500000000000591e-02 1.264049999999999896e-01 3.259500000000000591e-02 1.264049999999999896e-01 3.259500000000000591e-02 1.264049999999999896e-01 3.259500000000000591e-02 1.264049999999999896e-01 3.259500000000000591e-02 1.264049999999999896e-01
3.338999999999999607e-02 1.256099999999999994e-01 3.338999999999999607e-02 1.256099999999999994e-01 3.338999999999999607e-02 1.256099999999999994e-01 3.338999999999999607e-02 1.256099999999999994e-01 3.338999999999999607e-02 1.256099999999999994e-01
3.418500000000000011e-02 1.248150000000000093e-01 3.418500000000000011e-02 1.248150000000000093e-01 3.418500000000000011e-02 1.248150000000000093e-01 3.418500000000000011e-02 1.248150000000000093e-01 3.418500000000000011e-02 1.248150000000000093e-01
3.498000000000000415e-02 1.240200000000000052e-01 3.498000000000000415e-02 1.240200000000000052e-01 3.498000000000000415e-02 1.240200000000000052e-01 3.498000000000000415e-02 1.240200000000000052e-01 3.498000000000000415e-02 1.240200000000000052e-01
3.577500000000000124e-02 1.232250000000000012e-01 3.577500000000000124e-02 1.232250000000000012e-01 3.577500000000000124e-02 1.232250000000000012e-01 3.577500000000000124e-02 1.232250000000000012e-01 3.577500000000000124e-02 1.232250000000000012e-01
3.657000000000000528e-02 1.224300000000000110e-01 3.657000000000000528e-02 1.224300000000000110e-01 3.657000000000000528e-02 1.224300000000000110e-01 3.657000000000000528e-02 1.224300000000000110e-01 3.657000000000000528e-02 1.224300000000000110e-01
3.736500000000000238e-02 1.216350000000000070e-01 3.736500000000000238e-02 1.216350000000000070e-01 3.736500000000000238e-02 1.216350000000000070e-01 3.736500000000000238e-02 1.216350000000000070e-01 3.736500000000000238e-02 1.216350000000000070e-01
3.815999999999999948e-02 1.208400000000000030e-01 3.815999999999999948e-02 1.208400000000000030e-01 3.815999999999999948e-02 1.208400000000000030e-01 3.815999999999999948e-02 1.208400000000000030e-01 3.815999999999999948e-02 1.208400000000000030e-01
3.895499999999999657e-02 1.200449999999999989e-01 3.895499999999999657e-02 1.200449999999999989e-01 3.895499999999999657e-02 1.200449999999999989e-01 3.895499999999999657e-02 1.200449999999999989e-01 3.895499999999999657e-02 1.200449999999999989e-01
3.975000000000000061e-02 1.192499999999999949e-01 3.975000000000000061e-02 1.192499999999999949e-01 3.975000000000000061e-02 1.192499999999999949e-01 3.975000000000000061e-02 1.192499999999999949e-01 3.975000000000000061e-02 1.192499999999999949e-01
4.054500000000000465e-02 1.184550000000000047e-01 4.054500000000000465e-02 1.184550000000000047e-01 4.054500000000000465e-02 1.184550000000000047e-01 4.054500000000000465e-02 1.184550000000000047e-01 4.054500000000000465e-02 1.184550000000000047e-01
4.134000000000000175e-02 1.176600000000000007e-01 4.134000000000000175e-02 1.176600000000000007e-01 4.134000000000000175e-02 1.176600000000000007e-01 4.134000000000000175e-02 1.176600000000000007e-01 4.134000000000000175e-02 1.176600000000000007e-01
4.213500000000000578e-02 1.168649999999999967e-01 4.213500000000000578e-02 1.168649999999999967e-01 4.213500000000000578e-02 1.168649999999999967e-01 4.213500000000000578e-02 1.168649999999999967e-01 4.213500000000000578e-02 1.168649999999999967e-01
4.293000000000000288e-02 1.160699999999999926e-01 4.293000000000000288e-02 1.160699999999999926e-01 4.293000000000000288e-02 1.160699999999999926e-01 4.293000000000000288e-02 1.160699999999999926e-01 4.293000000000000288e-02 1.160699999999999926e-01
4.372500000000000692e-02 1.152750000000000025e-01 4.372500000000000692e-02 1.152750000000000025e-01 4.372500000000000692e-02 1.152750000000000025e-01 4.372500000000000692e-02 1.152750000000000025e-01 4.372500000000000692e-02 1.152750000000000025e-01
4.452000000000000401e-02 1.144799999999999984e-01 4.452000000000000401e-02 1.144799999999999984e-01 4.452000000000000401e-02 1.144799999999999984e-01 4.452000000000000401e-02 1.144799999999999984e-01 4.452000000000000401e-02 1.144799999999999984e-01
4.531500000000000805e-02 1.136849999999999944e-01 4.531500000000000805e-02 1.136849999999999944e-01 4.531500000000000805e-02 1.136849999999999944e-01 4.531500000000000805e-02 1.136849999999999944e-01 4.531500000000000805e-02 1.136849999999999944e-01
4.610999999999999821e-02 1.128899999999999904e-01 4.610999999999999821e-02 1.128899999999999904e-01 4.610999999999999821e-02 1.128899999999999904e-01 4.610999999999999821e-02 1.128899999999999904e-01 4.610999999999999821e-02 1.128899999999999904e-01
4.690499999999999531e-02 1.120950000000000141e-01 4.690499999999999531e-02 1.120950000000000141e-01 4.690499999999999531e-02 1.120950000000000141e-01 4.690499999999999531e-02 1.120950000000000141e-01 4.690499999999999531e-02 1.120950000000000141e-01
4.769999999999999934e-02 1.112999999999999962e-01 4.769999999999999934e-02 1.112999999999999962e-01 4.769999999999999934e-02 1.112999999999999962e-01 4.769999999999999934e-02 1.112999999999999962e-01 4.769999999999999934e-02 1.112999999999999962e-01
4.849499999999999644e-02 1.105050000000000060e-01 4.849499999999999644e-02 1.105050000000000060e-01 4.849499999999999644e-02 1.105050000000000060e-01 4.849499999999999644e-02 1.105050000000000060e-01 4.849499999999999644e-02 1.105050000000000060e-01
4.929000000000000048e-02 1.097099999999999881e-01 4.929000000000000048e-02 1.097099999999999881e-01 4.929000000000000048e-02 1.097099999999999881e-01 4.929000000000000048e-02 1.097099999999999881e-01 4.929000000000000048e-02 1.097099999999999881e-01
5.008500000000000452e-02 1.089150000000000118e-01 5.008500000000000452e-02 1.089150000000000118e-01 5.008500000000000452e-02 1.089150000000000118e-01 5.008500000000000452e-02 1.089150000000000118e-01 5.008500000000000452e-02 1.089150000000000118e-01
5.088000000000000161e-02 1.081199999999999939e-01 5.088000000000000161e-02 1.081199999999999939e-01 5.088000000000000161e-02 1.081199999999999939e-01 5.088000000000000161e-02 1.081199999999999939e-01 5.088000000000000161e-02 1.081199999999999939e-01
5.167500000000000565e-02 1.073250000000000037e-01 5.167500000000000565e-02 1.073250000000000037e-01 5.167500000000000565e-02 1.073250000000000037e-01 5.167500000000000565e-02 1.073250000000000037e-01 5.167500000000000565e-02 1.073250000000000037e-01
5.247000000000000275e-02 1.065299999999999858e-01 5.247000000000000275e-02 1.065299999999999858e-01 5.247000000000000275e-02 1.065299999999999858e-01 5.247000000000000275e-02 1.065299999999999858e-01 5.247000000000000275e-02 1.065299999999999858e-01
5.326500000000000679e-02 1.057350000000000095e-01 5.326500000000000679e-02 1.057350000000000095e-01 5.326500000000000679e-02 1.057350000000000095e-01 5.326500000000000679e-02 1.057350000000000095e-01 5.326500000000000679e-02 1.057350000000000095e-01
5.406000000000000388e-02 1.049399999999999916e-01 5.406000000000000388e-02 1.049399999999999916e-01 5.406000000000000388e-02 1.049399999999999916e-01 5.406000000000000388e-02 1.049399999999999916e-01 5.406000000000000388e-02 1.049399999999999916e-01
5.485500000000000792e-02 1.041450000000000015e-01 5.485500000000000792e-02 1.041450000000000015e-01 5.485500000000000792e-02 1.041450000000000015e-01 5.485500000000000792e-02 1.041450000000000015e-01 5.485500000000000792e-02 1.041450000000000015e-01
5.565000000000000502e-02 1.033499999999999835e-01 5.565000000000000502e-02 1.033499999999999835e-01 5.565000000000000502e-02 1.033499999999999835e-01 5.565000000000000502e-02 1.033499999999999835e-01 5.565000000000000502e-02 1.033499999999999835e-01
5.644499999999999518e-02 1.025550000000000073e-01 5.644499999999999518e-02 1.025550000000000073e-01 5.644499999999999518e-02 1.025550000000000073e-01 5.644499999999999518e-02 1.025550000000000073e-01 5.644499999999999518e-02 1.025550000000000073e-01
5.723999999999999921e-02 1.017600000000000032e-01 5.723999999999999921e-02 1.017600000000000032e-01 5.723999999999999921e-02 1.017600000000000032e-01 5.723999999999999921e-02 1.017600000000000032e-01 5.723999999999999921e-02 1.017600000000000032e-01
5.803499999999999631e-02 1.009649999999999992e-01 5.803499999999999631e-02 1.009649999999999992e-01 5.803499999999999631e-02 1.009649999999999992e-01 5.803499999999999631e-02 1.009649999999999992e-01 5.803499999999999631e-02 1.009649999999999992e-01
5.883000000000000035e-02 1.001700000000000090e-01 5.883000000000000035e-02 1.001700000000000090e-01 5.883000000000000035e-02 1.001700000000000090e-01 5.883000000000000035e-02 1.001700000000000090e-01 5.883000000000000035e-02 1.001700000000000090e-01
5.962499999999999745e-02 9.937500000000000500e-02 5.962499999999999745e-02 9.937500000000000500e-02 5.962499999999999745e-02 9.937500000000000500e-02 5.962499999999999745e-02 9.937500000000000500e-02 5.962499999999999745e-02 9.937500000000000500e-02
6.042000000000000148e-02 9.858000000000000096e-02 6.042000000000000148e-02 9.858000000000000096e-02 6.042000000000000148e-02 9.858000000000000096e-02 6.042000000000000148e-02 9.858000000000000096e-02 6.042000000000000148e-02 9.858000000000000096e-02
6.121500000000000552e-02 9.778499999999999692e-02 6.121500000000000552e-02 9.778499999999999692e-02 6.121500000000000552e-02 9.778499999999999692e-02 6.121500000000000552e-02 9.778499999999999692e-02 6.121500000000000552e-02 9.778499999999999692e-02
6.201000000000000262e-02 9.698999999999999289e-02 6.201000000000000262e-02 9.698999999999999289e-02 6.201000000000000262e-02 9.698999999999999289e-02 6.201000000000000262e-02 9.698999999999999289e-02 6.201000000000000262e-02 9.698999999999999289e-02
6.280499999999999972e-02 9.619500000000000273e-02 6.280499999999999972e-02 9.619500000000000273e-02 6.280499999999999972e-02 9.619500000000000273e-02 6.280499999999999972e-02 9.619500000000000273e-02 6.280499999999999972e-02 9.619500000000000273e-02
6.360000000000000375e-02 9.539999999999999869e-02 6.360000000000000375e-02 9.539999999999999869e-02 6.360000000000000375e-02 9.539999999999999869e-02 6.360000000000000375e-02 9.539999999999999869e-02 6.360000000000000375e-02 9.539999999999999869e-02
6.439500000000000779e-02 9.460499999999999465e-02 6.439500000000000779e-02 9.460499999999999465e-02 6.439500000000000779e-02 9.460499999999999465e-02 6.439500000000000779e-02 9.460499999999999465e-02 6.439500000000000779e-02 9.460499999999999465e-02
6.519000000000001183e-02 9.380999999999999062e-02 6.519000000000001183e-02 9.380999999999999062e-02 6.519000000000001183e-02 9.380999999999999062e-02 6.519000000000001183e-02 9.380999999999999062e-02 6.519000000000001183e-02 9.380999999999999062e-02
6.598500000000000199e-02 9.301500000000000046e-02 6.598500000000000199e-02 9.301500000000000046e-02 6.598500000000000199e-02 9.301500000000000046e-02 6.598500000000000199e-02 9.301500000000000046e-02 6.598500000000000199e-02 9.301500000000000046e-02
6.677999999999999214e-02 9.222000000000001030e-02 6.677999999999999214e-02 9.222000000000001030e-02 6.677999999999999214e-02 9.222000000000001030e-02 6.677999999999999214e-02 9.222000000000001030e-02 6.677999999999999214e-02 9.222000000000001030e-02
6.757499999999999618e-02 9.142499999999999238e-02 6.757499999999999618e-02 9.142499999999999238e-02 6.757499999999999618e-02 9.142499999999999238e-02 6.757499999999999618e-02 9.142499999999999238e-02 6.757499999999999618e-02 9.142499999999999238e-02
6.837000000000000022e-02 9.063000000000001610e-02 6.837000000000000022e-02 9.063000000000001610e-02 6.837000000000000022e-02 9.063000000000001610e-02 6.837000000000000022e-02 9.063000000000001610e-02 6.837000000000000022e-02 9.063000000000001610e-02
6.916500000000000425e-02 8.983499999999999819e-02 6.916500000000000425e-02 8.983499999999999819e-02 6.916500000000000425e-02 8.983499999999999819e-02 6.916500000000000425e-02 8.983499999999999819e-02 6.916500000000000425e-02 8.983499999999999819e-02
6.996000000000000829e-02 8.904000000000000803e-02 6.996000000000000829e-02 8.904000000000000803e-02 6.996000000000000829e-02 8.904000000000000803e-02 6.996000000000000829e-02 8.904000000000000803e-02 6.996000000000000829e-02 8.904000000000000803e-02
7.075499999999999845e-02 8.824499999999999011e-02 7.075499999999999845e-02 8.824499999999999011e-02 7.075499999999999845e-02 8.824499999999999011e-02 7.075499999999999845e-02 8.824499999999999011e-02 7.075499999999999845e-02 8.824499999999999011e-02
7.155000000000000249e-02 8.745000000000001383e-02 7.155000000000000249e-02 8.745000000000001383e-02 7.155000000000000249e-02 8.745000000000001383e-02 7.155000000000000249e-02 8.745000000000001383e-02 7.155000000000000249e-02 8.745000000000001383e-02
7.234500000000000652e-02 8.665499999999999592e-02 7.234500000000000652e-02 8.665499999999999592e-02 7.234500000000000652e-02 8.665499999999999592e-02 7.234500000000000652e-02 8.665499999999999592e-02 7.234500000000000652e-02 8.665499999999999592e-02
7.314000000000001056e-02 8.586000000000000576e-02 7.314000000000001056e-02 8.586000000000000576e-02 7.314000000000001056e-02 8.586000000000000576e-02 7.314000000000001056e-02 8.586000000000000576e-02 7.314000000000001056e-02 8.586000000000000576e-02
7.393500000000000072e-02 8.506499999999998785e-02 7.393500000000000072e-02 8.506499999999998785e-02 7.393500000000000072e-02 8.506499999999998785e-02 7.393500000000000072e-02 8.506499999999998785e-02 7.393500000000000072e-02 8.506499999999998785e-02
7.473000000000000476e-02 8.427000000000001156e-02 7.473000000000000476e-02 8.427000000000001156e-02 7.473000000000000476e-02 8.427000000000001156e-02 7.473000000000000476e-02 8.427000000000001156e-02 7.473000000000000476e-02 8.427000000000001156e-02
7.552500000000000879e-02 8.347499999999999365e-02 7.552500000000000879e-02 8.347499999999999365e-02 7.552500000000000879e-02 8.347499999999999365e-02 7.552500000000000879e-02 8.347499999999999365e-02 7.552500000000000879e-02 8.347499999999999365e-02
7.631999999999999895e-02 8.268000000000000349e-02 7.631999999999999895e-02 8.268000000000000349e-02 7.631999999999999895e-02 8.268000000000000349e-02 7.631999999999999895e-02 8.268000000000000349e-02 7.631999999999999895e-02 8.268000000000000349e-02
7.711500000000000299e-02 8.188499999999999945e-02 7.711500000000000299e-02 8.188499999999999945e-02 7.711500000000000299e-02 8.188499999999999945e-02 7.711500000000000299e-02 8.188499999999999945e-02 7.711500000000000299e-02 8.188499999999999945e-02
7.790999999999999315e-02 8.109000000000000929e-02 7.790999999999999315e-02 8.109000000000000929e-02 7.790999999999999315e-02 8.109000000000000929e-02 7.790999999999999315e-02 8.109000000000000929e-02 7.790999999999999315e-02 8.109000000000000929e-02
7.870499999999999718e-02 8.029500000000000526e-02 7.870499999999999718e-02 8.029500000000000526e-02 7.870499999999999718e-02 8.029500000000000526e-02 7.870499999999999718e-02 8.029500000000000526e-02 7.870499999999999718e-02 8.029500000000000526e-02
7.950000000000000122e-02 7.950000000000000122e-02 7.950000000000000122e-02 7.950000000000000122e-02 7.950000000000000122e-02 7.950000000000000122e-02 7.950000000000000122e-02 7.950000000000000122e-02 7.950000000000000122e-02 7.950000000000000122e-02
8.029500000000000526e-02 7.870499999999999718e-02 8.029500000000000526e-02 7.870499999999999718e-02 8.029500000000000526e-02 7.870499999999999718e-02 8.029500000000000526e-02 7.870499999999999718e-02 8.029500000000000526e-02 7.870499999999999718e-02
8.109000000000000929e-02 7.790999999999999315e-02 8.109000000000000929e-02 7.790999999999999315e-02 8.109000000000000929e-02 7.790999999999999315e-02 8.109000000000000929e-02 7.790999999999999315e-02 8.109000000000000929e-02 7.790999999999999315e-02
8.188499999999999945e-02 7.711500000000000299e-02 8.188499999999999945e-02 7.711500000000000299e-02 8.188499999999999945e-02 7.711500000000000299e-02 8.188499999999999945e-02 7.711500000000000299e-02 8.188499999999999945e-02 7.711500000000000299e-02
8.268000000000000349e-02 7.631999999999999895e-02 8.268000000000000349e-02 7.631999999999999895e-02 8.268000000000000349e-02 7.631999999999999895e-02 8.268000000000000349e-02 7.631999999999999895e-02 8.268000000000000349e-02 7.631999999999999895e-02
8.347500000000000753e-02 7.552499999999999492e-02 8.347500000000000753e-02 7.552499999999999492e-02 8.347500000000000753e-02 7.552499999999999492e-02 8.347500000000000753e-02 7.552499999999999492e-02 8.347500000000000753e-02 7.552499999999999492e-02
8.427000000000001156e-02 7.472999999999999088e-02 8.427000000000001156e-02 7.472999999999999088e-02 8.427000000000001156e-02 7.472999999999999088e-02 8.427000000000001156e-02 7.472999999999999088e-02 8.427000000000001156e-02 7.472999999999999088e-02
8.506500000000000172e-02 7.393500000000000072e-02 8.506500000000000172e-02 7.393500000000000072e-02 8.506500000000000172e-02 7.393500000000000072e-02 8.506500000000000172e-02 7.393500000000000072e-02 8.506500000000000172e-02 7.393500000000000072e-02
8.586000000000000576e-02 7.313999999999999668e-02 8.586000000000000576e-02 7.313999999999999668e-02 8.586000000000000576e-02 7.313999999999999668e-02 8.586000000000000576e-02 7.313999999999999668e-02 8.586000000000000576e-02 7.313999999999999668e-02
8.665500000000000980e-02 7.234499999999999265e-02 8.665500000000000980e-02 7.234499999999999265e-02 8.665500000000000980e-02 7.234499999999999265e-02 8.665500000000000980e-02 7.234499999999999265e-02 8.665500000000000980e-02 7.234499999999999265e-02
8.745000000000001383e-02 7.154999999999998861e-02 8.745000000000001383e-02 7.154999999999998861e-02 8.745000000000001383e-02 7.154999999999998861e-02 8.745000000000001383e-02 7.154999999999998861e-02 8.745000000000001383e-02 7.154999999999998861e-02
8.824500000000000399e-02 7.075499999999999845e-02 8.824500000000000399e-02 7.075499999999999845e-02 8.824500000000000399e-02 7.075499999999999845e-02 8.824500000000000399e-02 7.075499999999999845e-02 8.824500000000000399e-02 7.075499999999999845e-02
8.904000000000000803e-02 6.995999999999999441e-02 8.904000000000000803e-02 6.995999999999999441e-02 8.904000000000000803e-02 6.995999999999999441e-02 8.904000000000000803e-02 6.995999999999999441e-02 8.904000000000000803e-02 6.995999999999999441e-02
8.983500000000001207e-02 6.916499999999999038e-02 8.983500000000001207e-02 6.916499999999999038e-02 8.983500000000001207e-02 6.916499999999999038e-02 8.983500000000001207e-02 6.916499999999999038e-02 8.983500000000001207e-02 6.916499999999999038e-02
9.063000000000001610e-02 6.836999999999998634e-02 9.063000000000001610e-02 6.836999999999998634e-02 9.063000000000001610e-02 6.836999999999998634e-02 9.063000000000001610e-02 6.836999999999998634e-02 9.063000000000001610e-02 6.836999999999998634e-02
9.142500000000000626e-02 6.757499999999999618e-02 9.142500000000000626e-02 6.757499999999999618e-02 9.142500000000000626e-02 6.757499999999999618e-02 9.142500000000000626e-02 6.757499999999999618e-02 9.142500000000000626e-02 6.757499999999999618e-02
9.221999999999999642e-02 6.678000000000000602e-02 9.221999999999999642e-02 6.678000000000000602e-02 9.221999999999999642e-02 6.678000000000000602e-02 9.221999999999999642e-02 6.678000000000000602e-02 9.221999999999999642e-02 6.678000000000000602e-02
9.301500000000000046e-02 6.598500000000000199e-02 9.301500000000000046e-02 6.598500000000000199e-02 9.301500000000000046e-02 6.598500000000000199e-02 9.301500000000000046e-02 6.598500000000000199e-02 9.301500000000000046e-02 6.598500000000000199e-02
9.380999999999999062e-02 6.519000000000001183e-02 9.380999999999999062e-02 6.519000000000001183e-02 9.380999999999999062e-02 6.519000000000001183e-02 9.380999999999999062e-02 6.519000000000001183e-02 9.380999999999999062e-02 6.519000000000001183e-02
9.460499999999999465e-02 6.439500000000000779e-02 9.460499999999999465e-02 6.439500000000000779e-02 9.460499999999999465e-02 6.439500000000000779e-02 9.460499999999999465e-02 6.439500000000000779e-02 9.460499999999999465e-02 6.439500000000000779e-02
9.539999999999999869e-02 6.360000000000000375e-02 9.539999999999999869e-02 6.360000000000000375e-02 9.539999999999999869e-02 6.360000000000000375e-02 9.539999999999999869e-02 6.360000000000000375e-02 9.539999999999999869e-02 6.360000000000000375e-02
9.619500000000000273e-02 6.280499999999999972e-02 9.619500000000000273e-02 6.280499999999999972e-02 9.619500000000000273e-02 6.280499999999999972e-02 9.619500000000000273e-02 6.280499999999999972e-02 9.619500000000000273e-02 6.280499999999999972e-02
9.698999999999999289e-02 6.201000000000000262e-02 9.698999999999999289e-02 6.201000000000000262e-02 9.698999999999999289e-02 6.201000000000000262e-02 9.698999999999999289e-02 6.201000000000000262e-02 9.698999999999999289e-02 6.201000000000000262e-02
9.778499999999999692e-02 6.121500000000000552e-02 9.778499999999999692e-02 6.121500000000000552e-02 9.778499999999999692e-02 6.121500000000000552e-02 9.778499999999999692e-02 6.121500000000000552e-02 9.778499999999999692e-02 6.121500000000000552e-02
9.858000000000000096e-02 6.042000000000000148e-02 9.858000000000000096e-02 6.042000000000000148e-02 9.858000000000000096e-02 6.042000000000000148e-02 9.858000000000000096e-02 6.042000000000000148e-02 9.858000000000000096e-02 6.042000000000000148e-02
9.937500000000000500e-02 5.962499999999999745e-02 9.937500000000000500e-02 5.962499999999999745e-02 9.937500000000000500e-02 5.962499999999999745e-02 9.937500000000000500e-02 5.962499999999999745e-02 9.937500000000000500e-02 5.962499999999999745e-02
1.001700000000000090e-01 5.883000000000000035e-02 1.001700000000000090e-01 5.883000000000000035e-02 1.001700000000000090e-01 5.883000000000000035e-02 1.001700000000000090e-01 5.883000000000000035e-02 1.001700000000000090e-01 5.883000000000000035e-02
1.009649999999999992e-01 5.803499999999999631e-02 1.009649999999999992e-01 5.803499999999999631e-02 1.009649999999999992e-01 5.803499999999999631e-02 1.009649999999999992e-01 5.803499999999999631e-02 1.009649999999999992e-01 5.803499999999999631e-02
1.017600000000000032e-01 5.723999999999999921e-02 1.017600000000000032e-01 5.723999999999999921e-02 1.017600000000000032e-01 5.723999999999999921e-02 1.017600000000000032e-01 5.723999999999999921e-02 1.017600000000000032e-01 5.723999999999999921e-02
1.025550000000000073e-01 5.644499999999999518e-02 1.025550000000000073e-01 5.644499999999999518e-02 1.025550000000000073e-01 5.644499999999999518e-02 1.025550000000000073e-01 5.644499999999999518e-02 1.025550000000000073e-01 5.644499999999999518e-02
1.033500000000000113e-01 5.564999999999999808e-02 1.033500000000000113e-01 5.564999999999999808e-02 1.033500000000000113e-01 5.564999999999999808e-02 1.033500000000000113e-01 5.564999999999999808e-02 1.033500000000000113e-01 5.564999999999999808e-02
1.041450000000000015e-01 5.485499999999999404e-02 1.041450000000000015e-01 5.485499999999999404e-02 1.041450000000000015e-01 5.485499999999999404e-02 1.041450000000000015e-01 5.485499999999999404e-02 1.041450000000000015e-01 5.485499999999999404e-02
1.049400000000000055e-01 5.405999999999999694e-02 1.049400000000000055e-01 5.405999999999999694e-02 1.049400000000000055e-01 5.405999999999999694e-02 1.049400000000000055e-01 5.405999999999999694e-02 1.049400000000000055e-01 5.405999999999999694e-02
1.057350000000000095e-01 5.326499999999999291e-02 1.057350000000000095e-01 5.326499999999999291e-02 1.057350000000000095e-01 5.326499999999999291e-02 1.057350000000000095e-01 5.326499999999999291e-02 1.057350000000000095e-01 5.326499999999999291e-02
1.065300000000000136e-01 5.246999999999999581e-02 1.065300000000000136e-01 5.246999999999999581e-02 1.065300000000000136e-01 5.246999999999999581e-02 1.065300000000000136e-01 5.246999999999999581e-02 1.065300000000000136e-01 5.246999999999999581e-02
1.073250000000000037e-01 5.167499999999999177e-02 1.073250000000000037e-01 5.167499999999999177e-02 1.073250000000000037e-01 5.167499999999999177e-02 1.073250000000000037e-01 5.167499999999999177e-02 1.073250000000000037e-01 5.167499999999999177e-02
1.081200000000000078e-01 5.087999999999999468e-02 1.081200000000000078e-01 5.087999999999999468e-02 1.081200000000000078e-01 5.087999999999999468e-02 1.081200000000000078e-01 5.087999999999999468e-02 1.081200000000000078e-01 5.087999999999999468e-02
1.089150000000000118e-01 5.008499999999999064e-02 1.089150000000000118e-01 5.008499999999999064e-02 1.089150000000000118e-01 5.008499999999999064e-02 1.089150000000000118e-01 5.008499999999999064e-02 1.089150000000000118e-01 5.008499999999999064e-02
1.097100000000000158e-01 4.928999999999999354e-02 1.097100000000000158e-01 4.928999999999999354e-02 1.097100000000000158e-01 4.928999999999999354e-02 1.097100000000000158e-01 4.928999999999999354e-02 1.097100000000000158e-01 4.928999999999999354e-02
1.105050000000000060e-01 4.849499999999998950e-02 1.105050000000000060e-01 4.849499999999998950e-02 1.105050000000000060e-01 4.849499999999998950e-02 1.105050000000000060e-01 4.849499999999998950e-02 1.105050000000000060e-01 4.849499999999998950e-02
1.113000000000000100e-01 4.769999999999999241e-02 1.113000000000000100e-01 4.769999999999999241e-02 1.113000000000000100e-01 4.769999999999999241e-02 1.113000000000000100e-01 4.769999999999999241e-02 1.113000000000000100e-01 4.769999999999999241e-02
1.120950000000000002e-01 4.690500000000000919e-02 1.120950000000000002e-01 4.690500000000000919e-02 1.120950000000000002e-01 4.690500000000000919e-02 1.120950000000000002e-01 4.690500000000000919e-02 1.120950000000000002e-01 4.690500000000000919e-02
1.128899999999999904e-01 4.611000000000000515e-02 1.128899999999999904e-01 4.611000000000000515e-02 1.128899999999999904e-01 4.611000000000000515e-02 1.128899999999999904e-01 4.611000000000000515e-02 1.128899999999999904e-01 4.611000000000000515e-02
1.136849999999999944e-01 4.531500000000000805e-02 1.136849999999999944e-01 4.531500000000000805e-02 1.136849999999999944e-01 4.531500000000000805e-02 1.136849999999999944e-01 4.531500000000000805e-02 1.136849999999999944e-01 4.531500000000000805e-02
1.144799999999999984e-01 4.452000000000000401e-02 1.144799999999999984e-01 4.452000000000000401e-02 1.144799999999999984e-01 4.452000000000000401e-02 1.144799999999999984e-01 4.452000000000000401e-02 1.144799999999999984e-01 4.452000000000000401e-02
1.152750000000000025e-01 4.372500000000000692e-02 1.152750000000000025e-01 4.372500000000000692e-02 1.152750000000000025e-01 4.372500000000000692e-02 1.152750000000000025e-01 4.372500000000000692e-02 1.152750000000000025e-01 4.372500000000000692e-02
1.160699999999999926e-01 4.293000000000000288e-02 1.160699999999999926e-01 4.293000000000000288e-02 1.160699999999999926e-01 4.293000000000000288e-02 1.160699999999999926e-01 4.293000000000000288e-02 1.160699999999999926e-01 4.293000000000000288e-02
1.168649999999999967e-01 4.213500000000000578e-02 1.168649999999999967e-01 4.213500000000000578e-02 1.168649999999999967e-01 4.213500000000000578e-02 1.168649999999999967e-01 4.213500000000000578e-02 1.168649999999999967e-01 4.213500000000000578e-02
1.176600000000000007e-01 4.134000000000000175e-02 1.176600000000000007e-01 4.134000000000000175e-02 1.176600000000000007e-01 4.134000000000000175e-02 1.176600000000000007e-01 4.134000000000000175e-02 1.176600000000000007e-01 4.134000000000000175e-02
1.184550000000000047e-01 4.054500000000000465e-02 1.184550000000000047e-01 4.054500000000000465e-02 1.184550000000000047e-01 4.054500000000000465e-02 1.184550000000000047e-01 4.054500000000000465e-02 1.184550000000000047e-01 4.054500000000000465e-02
1.192499999999999949e-01 3.975000000000000061e-02 1.192499999999999949e-01 3.975000000000000061e-02 1.192499999999999949e-01 3.975000000000000061e-02 1.192499999999999949e-01 3.975000000000000061e-02 1.192499999999999949e-01 3.975000000000000061e-02
1.200449999999999989e-01 3.895499999999999657e-02 1.200449999999999989e-01 3.895499999999999657e-02 1.200449999999999989e-01 3.895499999999999657e-02 1.200449999999999989e-01 3.895499999999999657e-02 1.200449999999999989e-01 3.895499999999999657e-02
1.208400000000000030e-01 3.815999999999999948e-02 1.208400000000000030e-01 3.815999999999999948e-02 1.208400000000000030e-01 3.815999999999999948e-02 1.208400000000000030e-01 3.815999999999999948e-02 1.208400000000000030e-01 3.815999999999999948e-02
1.216350000000000070e-01 3.736499999999999544e-02 1.216350000000000070e-01 3.736499999999999544e-02 1.216350000000000070e-01 3.736499999999999544e-02 1.216350000000000070e-01 3.736499999999999544e-02 1.216350000000000070e-01 3.736499999999999544e-02
1.224300000000000110e-01 3.656999999999999834e-02 1.224300000000000110e-01 3.656999999999999834e-02 1.224300000000000110e-01 3.656999999999999834e-02 1.224300000000000110e-01 3.656999999999999834e-02 1.224300000000000110e-01 3.656999999999999834e-02
1.232250000000000012e-01 3.577499999999999430e-02 1.232250000000000012e-01 3.577499999999999430e-02 1.232250000000000012e-01 3.577499999999999430e-02 1.232250000000000012e-01 3.577499999999999430e-02 1.232250000000000012e-01 3.577499999999999430e-02
1.240200000000000052e-01 3.497999999999999721e-02 1.240200000000000052e-01 3.497999999999999721e-02 1.240200000000000052e-01 3.497999999999999721e-02 1.240200000000000052e-01 3.497999999999999721e-02 1.240200000000000052e-01 3.497999999999999721e-02
1.248150000000000093e-01 3.418499999999999317e-02 1.248150000000000093e-01 3.418499999999999317e-02 1.248150000000000093e-01 3.418499999999999317e-02 1.248150000000000093e-01 3.418499999999999317e-02 1.248150000000000093e-01 3.418499999999999317e-02
1.256099999999999994e-01 3.338999999999999607e-02 1.256099999999999994e-01 3.338999999999999607e-02 1.256099999999999994e-01 3.338999999999999607e-02 1.256099999999999994e-01 3.338999999999999607e-02 1.256099999999999994e-01 3.338999999999999607e-02
1.264050000000000173e-01 3.259499999999999204e-02 1.264050000000000173e-01 3.259499999999999204e-02 1.264050000000000173e-01 3.259499999999999204e-02 1.264050000000000173e-01 3.259499999999999204e-02 1.264050000000000173e-01 3.259499999999999204e-02
1.272000000000000075e-01 3.179999999999999494e-02 1.272000000000000075e-01 3.179999999999999494e-02 1.272000000000000075e-01 3.179999999999999494e-02 1.272000000000000075e-01 3.179999999999999494e-02 1.272000000000000075e-01 3.179999999999999494e-02
1.279949999999999977e-01 3.100499999999999437e-02 1.279949999999999977e-01 3.100499999999999437e-02 1.279949999999999977e-01 3.100499999999999437e-02 1.279949999999999977e-01 3.100499999999999437e-02 1.279949999999999977e-01 3.100499999999999437e-02
1.287900000000000156e-01 3.020999999999999033e-02 1.287900000000000156e-01 3.020999999999999033e-02 1.287900000000000156e-01 3.020999999999999033e-02 1.287900000000000156e-01 3.020999999999999033e-02 1.287900000000000156e-01 3.020999999999999033e-02
1.295850000000000057e-01 2.941499999999998977e-02 1.295850000000000057e-01 2.941499999999998977e-02 1.295850000000000057e-01 2.941499999999998977e-02 1.295850000000000057e-01 2.941499999999998977e-02 1.295850000000000057e-01 2.941499999999998977e-02
1.303800000000000237e-01 2.861999999999998920e-02 1.303800000000000237e-01 2.861999999999998920e-02 1.303800000000000237e-01 2.861999999999998920e-02 1.303800000000000237e-01 2.861999999999998920e-02 1.303800000000000237e-01 2.861999999999998920e-02
1.311750000000000138e-01 2.782499999999998863e-02 1.311750000000000138e-01 2.782499999999998863e-02 1.311750000000000138e-01 2.782499999999998863e-02 1.311750000000000138e-01 2.782499999999998863e-02 1.311750000000000138e-01 2.782499999999998863e-02
1.319700000000000040e-01 2.702999999999998806e-02 1.319700000000000040e-01 2.702999999999998806e-02 1.319700000000000040e-01 2.702999999999998806e-02 1.319700000000000040e-01 2.702999999999998806e-02 1.319700000000000040e-01 2.702999999999998806e-02
1.327649999999999941e-01 2.623500000000000484e-02 1.327649999999999941e-01 2.623500000000000484e-02 1.327649999999999941e-01 2.623500000000000484e-02 1.327649999999999941e-01 2.623500000000000484e-02 1.327649999999999941e-01 2.623500000000000484e-02
1.335599999999999843e-01 2.544000000000000428e-02 1.335599999999999843e-01 2.544000000000000428e-02 1.335599999999999843e-01 2.544000000000000428e-02 1.335599999999999843e-01 2.544000000000000428e-02 1.335599999999999843e-01 2.544000000000000428e-02
1.343550000000000022e-01 2.464500000000000371e-02 1.343550000000000022e-01 2.464500000000000371e-02 1.343550000000000022e-01 2.464500000000000371e-02 1.343550000000000022e-01 2.464500000000000371e-02 1.343550000000000022e-01 2.464500000000000371e-02
1.351499999999999924e-01 2.385000000000000314e-02 1.351499999999999924e-01 2.385000000000000314e-02 1.351499999999999924e-01 2.385000000000000314e-02 1.351499999999999924e-01 2.385000000000000314e-02 1.351499999999999924e-01 2.385000000000000314e-02
1.359450000000000103e-01 2.305500000000000257e-02 1.359450000000000103e-01 2.305500000000000257e-02 1.359450000000000103e-01 2.305500000000000257e-02 1.359450000000000103e-01 2.305500000000000257e-02 1.359450000000000103e-01 2.305500000000000257e-02
1.367400000000000004e-01 2.226000000000000201e-02 1.367400000000000004e-01 2.226000000000000201e-02 1.367400000000000004e-01 2.226000000000000201e-02 1.367400000000000004e-01 2.226000000000000201e-02 1.367400000000000004e-01 2.226000000000000201e-02
1.375349999999999906e-01 2.146500000000000144e-02 1.375349999999999906e-01 2.146500000000000144e-02 1.375349999999999906e-01 2.146500000000000144e-02 1.375349999999999906e-01 2.146500000000000144e-02 1.375349999999999906e-01 2.146500000000000144e-02
1.383300000000000085e-01 2.067000000000000087e-02 1.383300000000000085e-01 2.067000000000000087e-02 1.383300000000000085e-01 2.067000000000000087e-02 1.383300000000000085e-01 2.067000000000000087e-02 1.383300000000000085e-01 2.067000000000000087e-02
1.391249999999999987e-01 1.987500000000000031e-02 1.391249999999999987e-01 1.987500000000000031e-02 1.391249999999999987e-01 1.987500000000000031e-02 1.391249999999999987e-01 1.987500000000000031e-02 1.391249999999999987e-01 1.987500000000000031e-02
1.399200000000000166e-01 1.907999999999999974e-02 1.399200000000000166e-01 1.907999999999999974e-02 1.399200000000000166e-01 1.907999999999999974e-02 1.399200000000000166e-01 1.907999999999999974e-02 1.399200000000000166e-01 1.907999999999999974e-02
1.407150000000000067e-01 1.828499999999999917e-02 1.407150000000000067e-01 1.828499999999999917e-02 1.407150000000000067e-01 1.828499999999999917e-02 1.407150000000000067e-01 1.828499999999999917e-02 1.407150000000000067e-01 1.828499999999999917e-02
1.415099999999999969e-01 1.748999999999999860e-02 1.415099999999999969e-01 1.748999999999999860e-02 1.415099999999999969e-01 1.748999999999999860e-02 1.415099999999999969e-01 1.748999999999999860e-02 1.415099999999999969e-01 1.748999999999999860e-02
1.423050000000000148e-01 1.669499999999999804e-02 1.423050000000000148e-01 1.669499999999999804e-02 1.423050000000000148e-01 1.669499999999999804e-02 1.423050000000000148e-01 1.669499999999999804e-02 1.423050000000000148e-01 1.669499999999999804e-02
1.431000000000000050e-01 1.589999999999999747e-02 1.431000000000000050e-01 1.589999999999999747e-02 1.431000000000000050e-01 1.589999999999999747e-02 1.431000000000000050e-01 1.589999999999999747e-02 1.431000000000000050e-01 1.589999999999999747e-02
1.438949999999999951e-01 1.510499999999999517e-02 1.438949999999999951e-01 1.510499999999999517e-02 1.438949999999999951e-01 1.510499999999999517e-02 1.438949999999999951e-01 1.510499999999999517e-02 1.438949999999999951e-01 1.510499999999999517e-02
1.446900000000000130e-01 1.430999999999999460e-02 1.446900000000000130e-01 1.430999999999999460e-02 1.446900000000000130e-01 1.430999999999999460e-02 1.446900000000000130e-01 1.430999999999999460e-02 1.446900000000000130e-01 1.430999999999999460e-02
1.454850000000000032e-01 1.351499999999999403e-02 1.454850000000000032e-01 1.351499999999999403e-02 1.454850000000000032e-01 1.351499999999999403e-02 1.454850000000000032e-01 1.351499999999999403e-02 1.454850000000000032e-01 1.351499999999999403e-02
1.462800000000000211e-01 1.271999999999999346e-02 1.462800000000000211e-01 1.271999999999999346e-02 1.462800000000000211e-01 1.271999999999999346e-02 1.462800000000000211e-01 1.271999999999999346e-02 1.462800000000000211e-01 1.271999999999999346e-02
1.470750000000000113e-01 1.192499999999999290e-02 1.470750000000000113e-01 1.192499999999999290e-02 1.470750000000000113e-01 1.192499999999999290e-02 1.470750000000000113e-01 1.192499999999999290e-02 1.470750000000000113e-01 1.192499999999999290e-02
1.478700000000000014e-01 1.112999999999999233e-02 1.478700000000000014e-01 1.112999999999999233e-02 1.478700000000000014e-01 1.112999999999999233e-02 1.478700000000000014e-01 1.112999999999999233e-02 1.478700000000000014e-01 1.112999999999999233e-02
1.486650000000000194e-01 1.033499999999999176e-02 1.486650000000000194e-01 1.033499999999999176e-02 1.486650000000000194e-01 1.033499999999999176e-02 1.486650000000000194e-01 1.033499999999999176e-02 1.486650000000000194e-01 1.033499999999999176e-02
1.494600000000000095e-01 9.539999999999991195e-03 1.494600000000000095e-01 9.539999999999991195e-03 1.494600000000000095e-01 9.539999999999991195e-03 1.494600000000000095e-01 9.539999999999991195e-03 1.494600000000000095e-01 9.539999999999991195e-03
1.502549999999999997e-01 8.744999999999990628e-03 1.502549999999999997e-01 8.744999999999990628e-03 1.502549999999999997e-01 8.744999999999990628e-03 1.502549999999999997e-01 8.744999999999990628e-03 1.502549999999999997e-01 8.744999999999990628e-03
1.510500000000000176e-01 7.949999999999990061e-03 1.510500000000000176e-01 7.949999999999990061e-03 1.510500000000000176e-01 7.949999999999990061e-03 1.510500000000000176e-01 7.949999999999990061e-03 1.510500000000000176e-01 7.949999999999990061e-03
1.518450000000000077e-01 7.154999999999988626e-03 1.518450000000000077e-01 7.154999999999988626e-03 1.518450000000000077e-01 7.154999999999988626e-03 1.518450000000000077e-01 7.154999999999988626e-03 1.518450000000000077e-01 7.154999999999988626e-03
1.526399999999999979e-01 6.360000000000005406e-03 1.526399999999999979e-01 6.360000000000005406e-03 1.526399999999999979e-01 6.360000000000005406e-03 1.526399999999999979e-01 6.360000000000005406e-03 1.526399999999999979e-01 6.360000000000005406e-03
1.534349999999999881e-01 5.565000000000004839e-03 1.534349999999999881e-01 5.565000000000004839e-03 1.534349999999999881e-01 5.565000000000004839e-03 1.534349999999999881e-01 5.565000000000004839e-03 1.534349999999999881e-01 5.565000000000004839e-03
1.542300000000000060e-01 4.770000000000004271e-03 1.542300000000000060e-01 4.770000000000004271e-03 1.542300000000000060e-01 4.770000000000004271e-03 1.542300000000000060e-01 4.770000000000004271e-03 1.542300000000000060e-01 4.770000000000004271e-03
1.550249999999999961e-01 3.975000000000003704e-03 1.550249999999999961e-01 3.975000000000003704e-03 1.550249999999999961e-01 3.975000000000003704e-03 1.550249999999999961e-01 3.975000000000003704e-03 1.550249999999999961e-01 3.975000000000003704e-03
1.558199999999999863e-01 3.180000000000002703e-03 1.558199999999999863e-01 3.180000000000002703e-03 1.558199999999999863e-01 3.180000000000002703e-03 1.558199999999999863e-01 3.180000000000002703e-03 1.558199999999999863e-01 3.180000000000002703e-03
1.566150000000000042e-01 2.385000000000002136e-03 1.566150000000000042e-01 2.385000000000002136e-03 1.566150000000000042e-01 2.385000000000002136e-03 1.566150000000000042e-01 2.385000000000002136e-03 1.566150000000000042e-01 2.385000000000002136e-03
1.574099999999999944e-01 1.590000000000001351e-03 1.574099999999999944e-01 1.590000000000001351e-03 1.574099999999999944e-01 1.590000000000001351e-03 1.574099999999999944e-01 1.590000000000001351e-03 1.574099999999999944e-01 1.590000000000001351e-03
1.582050000000000123e-01 7.950000000000006757e-04 1.582050000000000123e-01 7.950000000000006757e-04 1.582050000000000123e-01 7.950000000000006757e-04 1.582050000000000123e-01 7.950000000000006757e-04 1.582050000000000123e-01 7.950000000000006757e-04
1.590000000000000024e-01 0.000000000000000000e+00 1.590000000000000024e-01 0.000000000000000000e+00 1.590000000000000024e-01 0.000000000000000000e+00 1.590000000000000024e-01 0.000000000000000000e+00 1.590000000000000024e-01 0.000000000000000000e+00
