0.000000000000000000e+00 1.590000000000000036e+01 0.000000000000000000e+00 1.590000000000000036e+01 0.000000000000000000e+00 1.590000000000000036e+01 0.000000000000000000e+00 1.590000000000000036e+01 0.000000000000000000e+00 1.590000000000000036e+01
7.950000000000000122e-02 1.582050000000000090e+01 7.950000000000000122e-02 1.582050000000000090e+01 7.950000000000000122e-02 1.582050000000000090e+01 7.950000000000000122e-02 1.582050000000000090e+01 7.950000000000000122e-02 1.582050000000000090e+01
1.590000000000000024e-01 1.574099999999999966e+01 1.590000000000000024e-01 1.574099999999999966e+01 1.590000000000000024e-01 1.574099999999999966e+01 1.590000000000000024e-01 1.574099999999999966e+01 1.590000000000000024e-01 1.574099999999999966e+01
2.384999999999999898e-01 1.566150000000000020e+01 2.384999999999999898e-01 1.566150000000000020e+01 2.384999999999999898e-01 1.566150000000000020e+01 2.384999999999999898e-01 1.566150000000000020e+01 2.384999999999999898e-01 1.566150000000000020e+01
3.180000000000000049e-01 1.558200000000000074e+01 3.180000000000000049e-01 1.558200000000000074e+01 3.180000000000000049e-01 1.558200000000000074e+01 3.180000000000000049e-01 1.558200000000000074e+01 3.180000000000000049e-01 1.558200000000000074e+01
3.975000000000000200e-01 1.550249999999999950e+01 3.975000000000000200e-01 1.550249999999999950e+01 3.975000000000000200e-01 1.550249999999999950e+01 3.975000000000000200e-01 1.550249999999999950e+01 3.975000000000000200e-01 1.550249999999999950e+01
4.769999999999999796e-01 1.542300000000000004e+01 4.769999999999999796e-01 1.542300000000000004e+01 4.769999999999999796e-01 1.542300000000000004e+01 4.769999999999999796e-01 1.542300000000000004e+01 4.769999999999999796e-01 1.542300000000000004e+01
5.565000000000001057e-01 1.534350000000000058e+01 5.565000000000001057e-01 1.534350000000000058e+01 5.565000000000001057e-01 1.534350000000000058e+01 5.565000000000001057e-01 1.534350000000000058e+01 5.565000000000001057e-01 1.534350000000000058e+01
6.360000000000000098e-01 1.526399999999999935e+01 6.360000000000000098e-01 1.526399999999999935e+01 6.360000000000000098e-01 1.526399999999999935e+01 6.360000000000000098e-01 1.526399999999999935e+01 6.360000000000000098e-01 1.526399999999999935e+01
7.155000000000000249e-01 1.518449999999999989e+01 7.155000000000000249e-01 1.518449999999999989e+01 7.155000000000000249e-01 1.518449999999999989e+01 7.155000000000000249e-01 1.518449999999999989e+01 7.155000000000000249e-01 1.518449999999999989e+01
7.950000000000000400e-01 1.510500000000000043e+01 7.950000000000000400e-01 1.510500000000000043e+01 7.950000000000000400e-01 1.510500000000000043e+01 7.950000000000000400e-01 1.510500000000000043e+01 7.950000000000000400e-01 1.510500000000000043e+01
8.745000000000000551e-01 1.502549999999999919e+01 8.745000000000000551e-01 1.502549999999999919e+01 8.745000000000000551e-01 1.502549999999999919e+01 8.745000000000000551e-01 1.502549999999999919e+01 8.745000000000000551e-01 1.502549999999999919e+01
9.539999999999999591e-01 1.494599999999999973e+01 9.539999999999999591e-01 1.494599999999999973e+01 9.539999999999999591e-01 1.494599999999999973e+01 9.539999999999999591e-01 1.494599999999999973e+01 9.539999999999999591e-01 1.494599999999999973e+01
1.033500000000000085e+00 1.486650000000000205e+01 1.033500000000000085e+00 1.486650000000000205e+01 1.033500000000000085e+00 1.486650000000000205e+01 1.033500000000000085e+00 1.486650000000000205e+01 1.033500000000000085e+00 1.486650000000000205e+01
1.113000000000000211e+00 1.478699999999999903e+01 1.113000000000000211e+00 1.478699999999999903e+01 1.113000000000000211e+00 1.478699999999999903e+01 1.113000000000000211e+00 1.478699999999999903e+01 1.113000000000000211e+00 1.478699999999999903e+01
1.192499999999999893e+00 1.470750000000000135e+01 1.192499999999999893e+00 1.470750000000000135e+01 1.192499999999999893e+00 1.470750000000000135e+01 1.192499999999999893e+00 1.470750000000000135e+01 1.192499999999999893e+00 1.470750000000000135e+01
1.272000000000000020e+00 1.462800000000000011e+01 1.272000000000000020e+00 1.462800000000000011e+01 1.272000000000000020e+00 1.462800000000000011e+01 1.272000000000000020e+00 1.462800000000000011e+01 1.272000000000000020e+00 1.462800000000000011e+01
1.351500000000000146e+00 1.454850000000000065e+01 1.351500000000000146e+00 1.454850000000000065e+01 1.351500000000000146e+00 1.454850000000000065e+01 1.351500000000000146e+00 1.454850000000000065e+01 1.351500000000000146e+00 1.454850000000000065e+01
1.431000000000000050e+00 1.446900000000000119e+01 1.431000000000000050e+00 1.446900000000000119e+01 1.431000000000000050e+00 1.446900000000000119e+01 1.431000000000000050e+00 1.446900000000000119e+01 1.431000000000000050e+00 1.446900000000000119e+01
1.510499999999999954e+00 1.438949999999999996e+01 1.510499999999999954e+00 1.438949999999999996e+01 1.510499999999999954e+00 1.438949999999999996e+01 1.510499999999999954e+00 1.438949999999999996e+01 1.510499999999999954e+00 1.438949999999999996e+01
1.590000000000000080e+00 1.431000000000000050e+01 1.590000000000000080e+00 1.431000000000000050e+01 1.590000000000000080e+00 1.431000000000000050e+01 1.590000000000000080e+00 1.431000000000000050e+01 1.590000000000000080e+00 1.431000000000000050e+01
1.669499999999999984e+00 1.423050000000000104e+01 1.669499999999999984e+00 1.423050000000000104e+01 1.669499999999999984e+00 1.423050000000000104e+01 1.669499999999999984e+00 1.423050000000000104e+01 1.669499999999999984e+00 1.423050000000000104e+01
1.749000000000000110e+00 1.415099999999999980e+01 1.749000000000000110e+00 1.415099999999999980e+01 1.749000000000000110e+00 1.415099999999999980e+01 1.749000000000000110e+00 1.415099999999999980e+01 1.749000000000000110e+00 1.415099999999999980e+01
1.828500000000000014e+00 1.407150000000000034e+01 1.828500000000000014e+00 1.407150000000000034e+01 1.828500000000000014e+00 1.407150000000000034e+01 1.828500000000000014e+00 1.407150000000000034e+01 1.828500000000000014e+00 1.407150000000000034e+01
1.907999999999999918e+00 1.399200000000000088e+01 1.907999999999999918e+00 1.399200000000000088e+01 1.907999999999999918e+00 1.399200000000000088e+01 1.907999999999999918e+00 1.399200000000000088e+01 1.907999999999999918e+00 1.399200000000000088e+01
1.987500000000000044e+00 1.391249999999999964e+01 1.987500000000000044e+00 1.391249999999999964e+01 1.987500000000000044e+00 1.391249999999999964e+01 1.987500000000000044e+00 1.391249999999999964e+01 1.987500000000000044e+00 1.391249999999999964e+01
2.067000000000000171e+00 1.383300000000000018e+01 2.067000000000000171e+00 1.383300000000000018e+01 2.067000000000000171e+00 1.383300000000000018e+01 2.067000000000000171e+00 1.383300000000000018e+01 2.067000000000000171e+00 1.383300000000000018e+01
2.146500000000000075e+00 1.375350000000000072e+01 2.146500000000000075e+00 1.375350000000000072e+01 2.146500000000000075e+00 1.375350000000000072e+01 2.146500000000000075e+00 1.375350000000000072e+01 2.146500000000000075e+00 1.375350000000000072e+01
2.226000000000000423e+00 1.367399999999999949e+01 2.226000000000000423e+00 1.367399999999999949e+01 2.226000000000000423e+00 1.367399999999999949e+01 2.226000000000000423e+00 1.367399999999999949e+01 2.226000000000000423e+00 1.367399999999999949e+01
2.305499999999999883e+00 1.359450000000000003e+01 2.305499999999999883e+00 1.359450000000000003e+01 2.305499999999999883e+00 1.359450000000000003e+01 2.305499999999999883e+00 1.359450000000000003e+01 2.305499999999999883e+00 1.359450000000000003e+01
2.384999999999999787e+00 1.351500000000000057e+01 2.384999999999999787e+00 1.351500000000000057e+01 2.384999999999999787e+00 1.351500000000000057e+01 2.384999999999999787e+00 1.351500000000000057e+01 2.384999999999999787e+00 1.351500000000000057e+01
2.464500000000000135e+00 1.343549999999999933e+01 2.464500000000000135e+00 1.343549999999999933e+01 2.464500000000000135e+00 1.343549999999999933e+01 2.464500000000000135e+00 1.343549999999999933e+01 2.464500000000000135e+00 1.343549999999999933e+01
2.544000000000000039e+00 1.335599999999999987e+01 2.544000000000000039e+00 1.335599999999999987e+01 2.544000000000000039e+00 1.335599999999999987e+01 2.544000000000000039e+00 1.335599999999999987e+01 2.544000000000000039e+00 1.335599999999999987e+01
2.623500000000000387e+00 1.327650000000000041e+01 2.623500000000000387e+00 1.327650000000000041e+01 2.623500000000000387e+00 1.327650000000000041e+01 2.623500000000000387e+00 1.327650000000000041e+01 2.623500000000000387e+00 1.327650000000000041e+01
2.703000000000000291e+00 1.319699999999999918e+01 2.703000000000000291e+00 1.319699999999999918e+01 2.703000000000000291e+00 1.319699999999999918e+01 2.703000000000000291e+00 1.319699999999999918e+01 2.703000000000000291e+00 1.319699999999999918e+01
2.782500000000000195e+00 1.311749999999999972e+01 2.782500000000000195e+00 1.311749999999999972e+01 2.782500000000000195e+00 1.311749999999999972e+01 2.782500000000000195e+00 1.311749999999999972e+01 2.782500000000000195e+00 1.311749999999999972e+01
2.862000000000000099e+00 1.303800000000000203e+01 2.862000000000000099e+00 1.303800000000000203e+01 2.862000000000000099e+00 1.303800000000000203e+01 2.862000000000000099e+00 1.303800000000000203e+01 2.862000000000000099e+00 1.303800000000000203e+01
2.941500000000000004e+00 1.295849999999999902e+01 2.941500000000000004e+00 1.295849999999999902e+01 2.941500000000000004e+00 1.295849999999999902e+01 2.941500000000000004e+00 1.295849999999999902e+01 2.941500000000000004e+00 1.295849999999999902e+01
3.020999999999999908e+00 1.287900000000000134e+01 3.020999999999999908e+00 1.287900000000000134e+01 3.020999999999999908e+00 1.287900000000000134e+01 3.020999999999999908e+00 1.287900000000000134e+01 3.020999999999999908e+00 1.287900000000000134e+01
3.100500000000000256e+00 1.279950000000000010e+01 3.100500000000000256e+00 1.279950000000000010e+01 3.100500000000000256e+00 1.279950000000000010e+01 3.100500000000000256e+00 1.279950000000000010e+01 3.100500000000000256e+00 1.279950000000000010e+01
3.180000000000000160e+00 1.272000000000000064e+01 3.180000000000000160e+00 1.272000000000000064e+01 3.180000000000000160e+00 1.272000000000000064e+01 3.180000000000000160e+00 1.272000000000000064e+01 3.180000000000000160e+00 1.272000000000000064e+01
3.259500000000000508e+00 1.264049999999999940e+01 3.259500000000000508e+00 1.264049999999999940e+01 3.259500000000000508e+00 1.264049999999999940e+01 3.259500000000000508e+00 1.264049999999999940e+01 3.259500000000000508e+00 1.264049999999999940e+01
3.338999999999999968e+00 1.256100000000000172e+01 3.338999999999999968e+00 1.256100000000000172e+01 3.338999999999999968e+00 1.256100000000000172e+01 3.338999999999999968e+00 1.256100000000000172e+01 3.338999999999999968e+00 1.256100000000000172e+01
3.418499999999999872e+00 1.248150000000000048e+01 3.418499999999999872e+00 1.248150000000000048e+01 3.418499999999999872e+00 1.248150000000000048e+01 3.418499999999999872e+00 1.248150000000000048e+01 3.418499999999999872e+00 1.248150000000000048e+01
3.498000000000000220e+00 1.240200000000000102e+01 3.498000000000000220e+00 1.240200000000000102e+01 3.498000000000000220e+00 1.240200000000000102e+01 3.498000000000000220e+00 1.240200000000000102e+01 3.498000000000000220e+00 1.240200000000000102e+01
3.577500000000000124e+00 1.232249999999999979e+01 3.577500000000000124e+00 1.232249999999999979e+01 3.577500000000000124e+00 1.232249999999999979e+01 3.577500000000000124e+00 1.232249999999999979e+01 3.577500000000000124e+00 1.232249999999999979e+01
3.657000000000000028e+00 1.224300000000000033e+01 3.657000000000000028e+00 1.224300000000000033e+01 3.657000000000000028e+00 1.224300000000000033e+01 3.657000000000000028e+00 1.224300000000000033e+01 3.657000000000000028e+00 1.224300000000000033e+01
3.736500000000000377e+00 1.216350000000000087e+01 3.736500000000000377e+00 1.216350000000000087e+01 3.736500000000000377e+00 1.216350000000000087e+01 3.736500000000000377e+00 1.216350000000000087e+01 3.736500000000000377e+00 1.216350000000000087e+01
3.815999999999999837e+00 1.208399999999999963e+01 3.815999999999999837e+00 1.208399999999999963e+01 3.815999999999999837e+00 1.208399999999999963e+01 3.815999999999999837e+00 1.208399999999999963e+01 3.815999999999999837e+00 1.208399999999999963e+01
3.895500000000000185e+00 1.200450000000000017e+01 3.895500000000000185e+00 1.200450000000000017e+01 3.895500000000000185e+00 1.200450000000000017e+01 3.895500000000000185e+00 1.200450000000000017e+01 3.895500000000000185e+00 1.200450000000000017e+01
3.975000000000000089e+00 1.192500000000000071e+01 3.975000000000000089e+00 1.192500000000000071e+01 3.975000000000000089e+00 1.192500000000000071e+01 3.975000000000000089e+00 1.192500000000000071e+01 3.975000000000000089e+00 1.192500000000000071e+01
4.054499999999999993e+00 1.184549999999999947e+01 4.054499999999999993e+00 1.184549999999999947e+01 4.054499999999999993e+00 1.184549999999999947e+01 4.054499999999999993e+00 1.184549999999999947e+01 4.054499999999999993e+00 1.184549999999999947e+01
4.134000000000000341e+00 1.176600000000000001e+01 4.134000000000000341e+00 1.176600000000000001e+01 4.134000000000000341e+00 1.176600000000000001e+01 4.134000000000000341e+00 1.176600000000000001e+01 4.134000000000000341e+00 1.176600000000000001e+01
4.213500000000000689e+00 1.168650000000000055e+01 4.213500000000000689e+00 1.168650000000000055e+01 4.213500000000000689e+00 1.168650000000000055e+01 4.213500000000000689e+00 1.168650000000000055e+01 4.213500000000000689e+00 1.168650000000000055e+01
4.293000000000000149e+00 1.160699999999999932e+01 4.293000000000000149e+00 1.160699999999999932e+01 4.293000000000000149e+00 1.160699999999999932e+01 4.293000000000000149e+00 1.160699999999999932e+01 4.293000000000000149e+00 1.160699999999999932e+01
4.372500000000000497e+00 1.152749999999999986e+01 4.372500000000000497e+00 1.152749999999999986e+01 4.372500000000000497e+00 1.152749999999999986e+01 4.372500000000000497e+00 1.152749999999999986e+01 4.372500000000000497e+00 1.152749999999999986e+01
4.452000000000000846e+00 1.144800000000000040e+01 4.452000000000000846e+00 1.144800000000000040e+01 4.452000000000000846e+00 1.144800000000000040e+01 4.452000000000000846e+00 1.144800000000000040e+01 4.452000000000000846e+00 1.144800000000000040e+01
4.531500000000000306e+00 1.136849999999999916e+01 4.531500000000000306e+00 1.136849999999999916e+01 4.531500000000000306e+00 1.136849999999999916e+01 4.531500000000000306e+00 1.136849999999999916e+01 4.531500000000000306e+00 1.136849999999999916e+01
4.610999999999999766e+00 1.128899999999999970e+01 4.610999999999999766e+00 1.128899999999999970e+01 4.610999999999999766e+00 1.128899999999999970e+01 4.610999999999999766e+00 1.128899999999999970e+01 4.610999999999999766e+00 1.128899999999999970e+01
4.690500000000000114e+00 1.120950000000000202e+01 4.690500000000000114e+00 1.120950000000000202e+01 4.690500000000000114e+00 1.120950000000000202e+01 4.690500000000000114e+00 1.120950000000000202e+01 4.690500000000000114e+00 1.120950000000000202e+01
4.769999999999999574e+00 1.112999999999999901e+01 4.769999999999999574e+00 1.112999999999999901e+01 4.769999999999999574e+00 1.112999999999999901e+01 4.769999999999999574e+00 1.112999999999999901e+01 4.769999999999999574e+00 1.112999999999999901e+01
4.849499999999999922e+00 1.105050000000000132e+01 4.849499999999999922e+00 1.105050000000000132e+01 4.849499999999999922e+00 1.105050000000000132e+01 4.849499999999999922e+00 1.105050000000000132e+01 4.849499999999999922e+00 1.105050000000000132e+01
4.929000000000000270e+00 1.097100000000000009e+01 4.929000000000000270e+00 1.097100000000000009e+01 4.929000000000000270e+00 1.097100000000000009e+01 4.929000000000000270e+00 1.097100000000000009e+01 4.929000000000000270e+00 1.097100000000000009e+01
5.008499999999999730e+00 1.089150000000000063e+01 5.008499999999999730e+00 1.089150000000000063e+01 5.008499999999999730e+00 1.089150000000000063e+01 5.008499999999999730e+00 1.089150000000000063e+01 5.008499999999999730e+00 1.089150000000000063e+01
5.088000000000000078e+00 1.081199999999999939e+01 5.088000000000000078e+00 1.081199999999999939e+01 5.088000000000000078e+00 1.081199999999999939e+01 5.088000000000000078e+00 1.081199999999999939e+01 5.088000000000000078e+00 1.081199999999999939e+01
5.167500000000000426e+00 1.073250000000000171e+01 5.167500000000000426e+00 1.073250000000000171e+01 5.167500000000000426e+00 1.073250000000000171e+01 5.167500000000000426e+00 1.073250000000000171e+01 5.167500000000000426e+00 1.073250000000000171e+01
5.247000000000000774e+00 1.065299999999999869e+01 5.247000000000000774e+00 1.065299999999999869e+01 5.247000000000000774e+00 1.065299999999999869e+01 5.247000000000000774e+00 1.065299999999999869e+01 5.247000000000000774e+00 1.065299999999999869e+01
5.326500000000000234e+00 1.057350000000000101e+01 5.326500000000000234e+00 1.057350000000000101e+01 5.326500000000000234e+00 1.057350000000000101e+01 5.326500000000000234e+00 1.057350000000000101e+01 5.326500000000000234e+00 1.057350000000000101e+01
5.406000000000000583e+00 1.049399999999999977e+01 5.406000000000000583e+00 1.049399999999999977e+01 5.406000000000000583e+00 1.049399999999999977e+01 5.406000000000000583e+00 1.049399999999999977e+01 5.406000000000000583e+00 1.049399999999999977e+01
5.485500000000000931e+00 1.041450000000000031e+01 5.485500000000000931e+00 1.041450000000000031e+01 5.485500000000000931e+00 1.041450000000000031e+01 5.485500000000000931e+00 1.041450000000000031e+01 5.485500000000000931e+00 1.041450000000000031e+01
5.565000000000000391e+00 1.033499999999999908e+01 5.565000000000000391e+00 1.033499999999999908e+01 5.565000000000000391e+00 1.033499999999999908e+01 5.565000000000000391e+00 1.033499999999999908e+01 5.565000000000000391e+00 1.033499999999999908e+01
5.644499999999999851e+00 1.025550000000000139e+01 5.644499999999999851e+00 1.025550000000000139e+01 5.644499999999999851e+00 1.025550000000000139e+01 5.644499999999999851e+00 1.025550000000000139e+01 5.644499999999999851e+00 1.025550000000000139e+01
5.724000000000000199e+00 1.017600000000000016e+01 5.724000000000000199e+00 1.017600000000000016e+01 5.724000000000000199e+00 1.017600000000000016e+01 5.724000000000000199e+00 1.017600000000000016e+01 5.724000000000000199e+00 1.017600000000000016e+01
5.803499999999999659e+00 1.009650000000000070e+01 5.803499999999999659e+00 1.009650000000000070e+01 5.803499999999999659e+00 1.009650000000000070e+01 5.803499999999999659e+00 1.009650000000000070e+01 5.803499999999999659e+00 1.009650000000000070e+01
5.883000000000000007e+00 1.001699999999999946e+01 5.883000000000000007e+00 1.001699999999999946e+01 5.883000000000000007e+00 1.001699999999999946e+01 5.883000000000000007e+00 1.001699999999999946e+01 5.883000000000000007e+00 1.001699999999999946e+01
5.962500000000000355e+00 9.937500000000000000e+00 5.962500000000000355e+00 9.937500000000000000e+00 5.962500000000000355e+00 9.937500000000000000e+00 5.962500000000000355e+00 9.937500000000000000e+00 5.962500000000000355e+00 9.937500000000000000e+00
6.041999999999999815e+00 9.858000000000000540e+00 6.041999999999999815e+00 9.858000000000000540e+00 6.041999999999999815e+00 9.858000000000000540e+00 6.041999999999999815e+00 9.858000000000000540e+00 6.041999999999999815e+00 9.858000000000000540e+00
6.121500000000000163e+00 9.778499999999999304e+00 6.121500000000000163e+00 9.778499999999999304e+00 6.121500000000000163e+00 9.778499999999999304e+00 6.121500000000000163e+00 9.778499999999999304e+00 6.121500000000000163e+00 9.778499999999999304e+00
6.201000000000000512e+00 9.698999999999999844e+00 6.201000000000000512e+00 9.698999999999999844e+00 6.201000000000000512e+00 9.698999999999999844e+00 6.201000000000000512e+00 9.698999999999999844e+00 6.201000000000000512e+00 9.698999999999999844e+00
6.280500000000000860e+00 9.619500000000000384e+00 6.280500000000000860e+00 9.619500000000000384e+00 6.280500000000000860e+00 9.619500000000000384e+00 6.280500000000000860e+00 9.619500000000000384e+00 6.280500000000000860e+00 9.619500000000000384e+00
6.360000000000000320e+00 9.539999999999999147e+00 6.360000000000000320e+00 9.539999999999999147e+00 6.360000000000000320e+00 9.539999999999999147e+00 6.360000000000000320e+00 9.539999999999999147e+00 6.360000000000000320e+00 9.539999999999999147e+00
6.439500000000000668e+00 9.460499999999999687e+00 6.439500000000000668e+00 9.460499999999999687e+00 6.439500000000000668e+00 9.460499999999999687e+00 6.439500000000000668e+00 9.460499999999999687e+00 6.439500000000000668e+00 9.460499999999999687e+00
6.519000000000001016e+00 9.381000000000000227e+00 6.519000000000001016e+00 9.381000000000000227e+00 6.519000000000001016e+00 9.381000000000000227e+00 6.519000000000001016e+00 9.381000000000000227e+00 6.519000000000001016e+00 9.381000000000000227e+00
6.598500000000000476e+00 9.301499999999998991e+00 6.598500000000000476e+00 9.301499999999998991e+00 6.598500000000000476e+00 9.301499999999998991e+00 6.598500000000000476e+00 9.301499999999998991e+00 6.598500000000000476e+00 9.301499999999998991e+00
6.677999999999999936e+00 9.222000000000001307e+00 6.677999999999999936e+00 9.222000000000001307e+00 6.677999999999999936e+00 9.222000000000001307e+00 6.677999999999999936e+00 9.222000000000001307e+00 6.677999999999999936e+00 9.222000000000001307e+00
6.757500000000000284e+00 9.142500000000000071e+00 6.757500000000000284e+00 9.142500000000000071e+00 6.757500000000000284e+00 9.142500000000000071e+00 6.757500000000000284e+00 9.142500000000000071e+00 6.757500000000000284e+00 9.142500000000000071e+00
6.836999999999999744e+00 9.063000000000000611e+00 6.836999999999999744e+00 9.063000000000000611e+00 6.836999999999999744e+00 9.063000000000000611e+00 6.836999999999999744e+00 9.063000000000000611e+00 6.836999999999999744e+00 9.063000000000000611e+00
6.916500000000000092e+00 8.983499999999999375e+00 6.916500000000000092e+00 8.983499999999999375e+00 6.916500000000000092e+00 8.983499999999999375e+00 6.916500000000000092e+00 8.983499999999999375e+00 6.916500000000000092e+00 8.983499999999999375e+00
6.996000000000000441e+00 8.904000000000001691e+00 6.996000000000000441e+00 8.904000000000001691e+00 6.996000000000000441e+00 8.904000000000001691e+00 6.996000000000000441e+00 8.904000000000001691e+00 6.996000000000000441e+00 8.904000000000001691e+00
7.075499999999999901e+00 8.824499999999998678e+00 7.075499999999999901e+00 8.824499999999998678e+00 7.075499999999999901e+00 8.824499999999998678e+00 7.075499999999999901e+00 8.824499999999998678e+00 7.075499999999999901e+00 8.824499999999998678e+00
7.155000000000000249e+00 8.745000000000000995e+00 7.155000000000000249e+00 8.745000000000000995e+00 7.155000000000000249e+00 8.745000000000000995e+00 7.155000000000000249e+00 8.745000000000000995e+00 7.155000000000000249e+00 8.745000000000000995e+00
7.234500000000000597e+00 8.665499999999999758e+00 7.234500000000000597e+00 8.665499999999999758e+00 7.234500000000000597e+00 8.665499999999999758e+00 7.234500000000000597e+00 8.665499999999999758e+00 7.234500000000000597e+00 8.665499999999999758e+00
7.314000000000000057e+00 8.586000000000000298e+00 7.314000000000000057e+00 8.586000000000000298e+00 7.314000000000000057e+00 8.586000000000000298e+00 7.314000000000000057e+00 8.586000000000000298e+00 7.314000000000000057e+00 8.586000000000000298e+00
7.393500000000000405e+00 8.506499999999999062e+00 7.393500000000000405e+00 8.506499999999999062e+00 7.393500000000000405e+00 8.506499999999999062e+00 7.393500000000000405e+00 8.506499999999999062e+00 7.393500000000000405e+00 8.506499999999999062e+00
7.473000000000000753e+00 8.427000000000001378e+00 7.473000000000000753e+00 8.427000000000001378e+00 7.473000000000000753e+00 8.427000000000001378e+00 7.473000000000000753e+00 8.427000000000001378e+00 7.473000000000000753e+00 8.427000000000001378e+00
7.552500000000001101e+00 8.347499999999998366e+00 7.552500000000001101e+00 8.347499999999998366e+00 7.552500000000001101e+00 8.347499999999998366e+00 7.552500000000001101e+00 8.347499999999998366e+00 7.552500000000001101e+00 8.347499999999998366e+00
7.631999999999999673e+00 8.268000000000000682e+00 7.631999999999999673e+00 8.268000000000000682e+00 7.631999999999999673e+00 8.268000000000000682e+00 7.631999999999999673e+00 8.268000000000000682e+00 7.631999999999999673e+00 8.268000000000000682e+00
7.711500000000000021e+00 8.188500000000001222e+00 7.711500000000000021e+00 8.188500000000001222e+00 7.711500000000000021e+00 8.188500000000001222e+00 7.711500000000000021e+00 8.188500000000001222e+00 7.711500000000000021e+00 8.188500000000001222e+00
7.791000000000000369e+00 8.108999999999999986e+00 7.791000000000000369e+00 8.108999999999999986e+00 7.791000000000000369e+00 8.108999999999999986e+00 7.791000000000000369e+00 8.108999999999999986e+00 7.791000000000000369e+00 8.108999999999999986e+00
7.870499999999999829e+00 8.029500000000000526e+00 7.870499999999999829e+00 8.029500000000000526e+00 7.870499999999999829e+00 8.029500000000000526e+00 7.870499999999999829e+00 8.029500000000000526e+00 7.870499999999999829e+00 8.029500000000000526e+00
7.950000000000000178e+00 7.950000000000000178e+00 7.950000000000000178e+00 7.950000000000000178e+00 7.950000000000000178e+00 7.950000000000000178e+00 7.950000000000000178e+00 7.950000000000000178e+00 7.950000000000000178e+00 7.950000000000000178e+00
8.029500000000000526e+00 7.870499999999999829e+00 8.029500000000000526e+00 7.870499999999999829e+00 8.029500000000000526e+00 7.870499999999999829e+00 8.029500000000000526e+00 7.870499999999999829e+00 8.029500000000000526e+00 7.870499999999999829e+00
8.108999999999999986e+00 7.791000000000000369e+00 8.108999999999999986e+00 7.791000000000000369e+00 8.108999999999999986e+00 7.791000000000000369e+00 8.108999999999999986e+00 7.791000000000000369e+00 8.108999999999999986e+00 7.791000000000000369e+00
8.188500000000001222e+00 7.711500000000000021e+00 8.188500000000001222e+00 7.711500000000000021e+00 8.188500000000001222e+00 7.711500000000000021e+00 8.188500000000001222e+00 7.711500000000000021e+00 8.188500000000001222e+00 7.711500000000000021e+00
8.268000000000000682e+00 7.631999999999999673e+00 8.268000000000000682e+00 7.631999999999999673e+00 8.268000000000000682e+00 7.631999999999999673e+00 8.268000000000000682e+00 7.631999999999999673e+00 8.268000000000000682e+00 7.631999999999999673e+00
8.347500000000000142e+00 7.552500000000000213e+00 8.347500000000000142e+00 7.552500000000000213e+00 8.347500000000000142e+00 7.552500000000000213e+00 8.347500000000000142e+00 7.552500000000000213e+00 8.347500000000000142e+00 7.552500000000000213e+00
8.427000000000001378e+00 7.472999999999999865e+00 8.427000000000001378e+00 7.472999999999999865e+00 8.427000000000001378e+00 7.472999999999999865e+00 8.427000000000001378e+00 7.472999999999999865e+00 8.427000000000001378e+00 7.472999999999999865e+00
8.506500000000000838e+00 7.393499999999999517e+00 8.506500000000000838e+00 7.393499999999999517e+00 8.506500000000000838e+00 7.393499999999999517e+00 8.506500000000000838e+00 7.393499999999999517e+00 8.506500000000000838e+00 7.393499999999999517e+00
8.586000000000000298e+00 7.313999999999999169e+00 8.586000000000000298e+00 7.313999999999999169e+00 8.586000000000000298e+00 7.313999999999999169e+00 8.586000000000000298e+00 7.313999999999999169e+00 8.586000000000000298e+00 7.313999999999999169e+00
8.665500000000001535e+00 7.234499999999999709e+00 8.665500000000001535e+00 7.234499999999999709e+00 8.665500000000001535e+00 7.234499999999999709e+00 8.665500000000001535e+00 7.234499999999999709e+00 8.665500000000001535e+00 7.234499999999999709e+00
8.745000000000000995e+00 7.154999999999999361e+00 8.745000000000000995e+00 7.154999999999999361e+00 8.745000000000000995e+00 7.154999999999999361e+00 8.745000000000000995e+00 7.154999999999999361e+00 8.745000000000000995e+00 7.154999999999999361e+00
8.824500000000000455e+00 7.075499999999999012e+00 8.824500000000000455e+00 7.075499999999999012e+00 8.824500000000000455e+00 7.075499999999999012e+00 8.824500000000000455e+00 7.075499999999999012e+00 8.824500000000000455e+00 7.075499999999999012e+00
8.904000000000001691e+00 6.995999999999999552e+00 8.904000000000001691e+00 6.995999999999999552e+00 8.904000000000001691e+00 6.995999999999999552e+00 8.904000000000001691e+00 6.995999999999999552e+00 8.904000000000001691e+00 6.995999999999999552e+00
8.983500000000001151e+00 6.916499999999999204e+00 8.983500000000001151e+00 6.916499999999999204e+00 8.983500000000001151e+00 6.916499999999999204e+00 8.983500000000001151e+00 6.916499999999999204e+00 8.983500000000001151e+00 6.916499999999999204e+00
9.063000000000000611e+00 6.836999999999998856e+00 9.063000000000000611e+00 6.836999999999998856e+00 9.063000000000000611e+00 6.836999999999998856e+00 9.063000000000000611e+00 6.836999999999998856e+00 9.063000000000000611e+00 6.836999999999998856e+00
9.142500000000001847e+00 6.757499999999999396e+00 9.142500000000001847e+00 6.757499999999999396e+00 9.142500000000001847e+00 6.757499999999999396e+00 9.142500000000001847e+00 6.757499999999999396e+00 9.142500000000001847e+00 6.757499999999999396e+00
9.221999999999999531e+00 6.678000000000000824e+00 9.221999999999999531e+00 6.678000000000000824e+00 9.221999999999999531e+00 6.678000000000000824e+00 9.221999999999999531e+00 6.678000000000000824e+00 9.221999999999999531e+00 6.678000000000000824e+00
9.301499999999998991e+00 6.598500000000000476e+00 9.301499999999998991e+00 6.598500000000000476e+00 9.301499999999998991e+00 6.598500000000000476e+00 9.301499999999998991e+00 6.598500000000000476e+00 9.301499999999998991e+00 6.598500000000000476e+00
9.381000000000000227e+00 6.519000000000001016e+00 9.381000000000000227e+00 6.519000000000001016e+00 9.381000000000000227e+00 6.519000000000001016e+00 9.381000000000000227e+00 6.519000000000001016e+00 9.381000000000000227e+00 6.519000000000001016e+00
9.460499999999999687e+00 6.439500000000000668e+00 9.460499999999999687e+00 6.439500000000000668e+00 9.460499999999999687e+00 6.439500000000000668e+00 9.460499999999999687e+00 6.439500000000000668e+00 9.460499999999999687e+00 6.439500000000000668e+00
9.539999999999999147e+00 6.360000000000000320e+00 9.539999999999999147e+00 6.360000000000000320e+00 9.539999999999999147e+00 6.360000000000000320e+00 9.539999999999999147e+00 6.360000000000000320e+00 9.539999999999999147e+00 6.360000000000000320e+00
9.619500000000000384e+00 6.280500000000000860e+00 9.619500000000000384e+00 6.280500000000000860e+00 9.619500000000000384e+00 6.280500000000000860e+00 9.619500000000000384e+00 6.280500000000000860e+00 9.619500000000000384e+00 6.280500000000000860e+00
9.698999999999999844e+00 6.201000000000000512e+00 9.698999999999999844e+00 6.201000000000000512e+00 9.698999999999999844e+00 6.201000000000000512e+00 9.698999999999999844e+00 6.201000000000000512e+00 9.698999999999999844e+00 6.201000000000000512e+00
9.778499999999999304e+00 6.121500000000000163e+00 9.778499999999999304e+00 6.121500000000000163e+00 9.778499999999999304e+00 6.121500000000000163e+00 9.778499999999999304e+00 6.121500000000000163e+00 9.778499999999999304e+00 6.121500000000000163e+00
9.858000000000000540e+00 6.041999999999999815e+00 9.858000000000000540e+00 6.041999999999999815e+00 9.858000000000000540e+00 6.041999999999999815e+00 9.858000000000000540e+00 6.041999999999999815e+00 9.858000000000000540e+00 6.041999999999999815e+00
9.937500000000000000e+00 5.962500000000000355e+00 9.937500000000000000e+00 5.962500000000000355e+00 9.937500000000000000e+00 5.962500000000000355e+00 9.937500000000000000e+00 5.962500000000000355e+00 9.937500000000000000e+00 5.962500000000000355e+00
1.001699999999999946e+01 5.883000000000000007e+00 1.001699999999999946e+01 5.883000000000000007e+00 1.001699999999999946e+01 5.883000000000000007e+00 1.001699999999999946e+01 5.883000000000000007e+00 1.001699999999999946e+01 5.883000000000000007e+00
1.009650000000000070e+01 5.803499999999999659e+00 1.009650000000000070e+01 5.803499999999999659e+00 1.009650000000000070e+01 5.803499999999999659e+00 1.009650000000000070e+01 5.803499999999999659e+00 1.009650000000000070e+01 5.803499999999999659e+00
1.017600000000000016e+01 5.724000000000000199e+00 1.017600000000000016e+01 5.724000000000000199e+00 1.017600000000000016e+01 5.724000000000000199e+00 1.017600000000000016e+01 5.724000000000000199e+00 1.017600000000000016e+01 5.724000000000000199e+00
1.025550000000000139e+01 5.644499999999999851e+00 1.025550000000000139e+01 5.644499999999999851e+00 1.025550000000000139e+01 5.644499999999999851e+00 1.025550000000000139e+01 5.644499999999999851e+00 1.025550000000000139e+01 5.644499999999999851e+00
1.033500000000000085e+01 5.564999999999999503e+00 1.033500000000000085e+01 5.564999999999999503e+00 1.033500000000000085e+01 5.564999999999999503e+00 1.033500000000000085e+01 5.564999999999999503e+00 1.033500000000000085e+01 5.564999999999999503e+00
1.041450000000000031e+01 5.485500000000000043e+00 1.041450000000000031e+01 5.485500000000000043e+00 1.041450000000000031e+01 5.485500000000000043e+00 1.041450000000000031e+01 5.485500000000000043e+00 1.041450000000000031e+01 5.485500000000000043e+00
1.049400000000000155e+01 5.405999999999999694e+00 1.049400000000000155e+01 5.405999999999999694e+00 1.049400000000000155e+01 5.405999999999999694e+00 1.049400000000000155e+01 5.405999999999999694e+00 1.049400000000000155e+01 5.405999999999999694e+00
1.057350000000000101e+01 5.326499999999999346e+00 1.057350000000000101e+01 5.326499999999999346e+00 1.057350000000000101e+01 5.326499999999999346e+00 1.057350000000000101e+01 5.326499999999999346e+00 1.057350000000000101e+01 5.326499999999999346e+00
1.065300000000000047e+01 5.246999999999999886e+00 1.065300000000000047e+01 5.246999999999999886e+00 1.065300000000000047e+01 5.246999999999999886e+00 1.065300000000000047e+01 5.246999999999999886e+00 1.065300000000000047e+01 5.246999999999999886e+00
1.073250000000000171e+01 5.167499999999999538e+00 1.073250000000000171e+01 5.167499999999999538e+00 1.073250000000000171e+01 5.167499999999999538e+00 1.073250000000000171e+01 5.167499999999999538e+00 1.073250000000000171e+01 5.167499999999999538e+00
1.081200000000000117e+01 5.087999999999999190e+00 1.081200000000000117e+01 5.087999999999999190e+00 1.081200000000000117e+01 5.087999999999999190e+00 1.081200000000000117e+01 5.087999999999999190e+00 1.081200000000000117e+01 5.087999999999999190e+00
1.089150000000000063e+01 5.008499999999998842e+00 1.089150000000000063e+01 5.008499999999998842e+00 1.089150000000000063e+01 5.008499999999998842e+00 1.089150000000000063e+01 5.008499999999998842e+00 1.089150000000000063e+01 5.008499999999998842e+00
1.097100000000000186e+01 4.928999999999999382e+00 1.097100000000000186e+01 4.928999999999999382e+00 1.097100000000000186e+01 4.928999999999999382e+00 1.097100000000000186e+01 4.928999999999999382e+00 1.097100000000000186e+01 4.928999999999999382e+00
1.105050000000000132e+01 4.849499999999999034e+00 1.105050000000000132e+01 4.849499999999999034e+00 1.105050000000000132e+01 4.849499999999999034e+00 1.105050000000000132e+01 4.849499999999999034e+00 1.105050000000000132e+01 4.849499999999999034e+00
1.113000000000000078e+01 4.769999999999998685e+00 1.113000000000000078e+01 4.769999999999998685e+00 1.113000000000000078e+01 4.769999999999998685e+00 1.113000000000000078e+01 4.769999999999998685e+00 1.113000000000000078e+01 4.769999999999998685e+00
1.120950000000000024e+01 4.690500000000001002e+00 1.120950000000000024e+01 4.690500000000001002e+00 1.120950000000000024e+01 4.690500000000001002e+00 1.120950000000000024e+01 4.690500000000001002e+00 1.120950000000000024e+01 4.690500000000001002e+00
1.128899999999999970e+01 4.611000000000000654e+00 1.128899999999999970e+01 4.611000000000000654e+00 1.128899999999999970e+01 4.611000000000000654e+00 1.128899999999999970e+01 4.611000000000000654e+00 1.128899999999999970e+01 4.611000000000000654e+00
1.136849999999999916e+01 4.531500000000000306e+00 1.136849999999999916e+01 4.531500000000000306e+00 1.136849999999999916e+01 4.531500000000000306e+00 1.136849999999999916e+01 4.531500000000000306e+00 1.136849999999999916e+01 4.531500000000000306e+00
1.144800000000000040e+01 4.452000000000000846e+00 1.144800000000000040e+01 4.452000000000000846e+00 1.144800000000000040e+01 4.452000000000000846e+00 1.144800000000000040e+01 4.452000000000000846e+00 1.144800000000000040e+01 4.452000000000000846e+00
1.152749999999999986e+01 4.372500000000000497e+00 1.152749999999999986e+01 4.372500000000000497e+00 1.152749999999999986e+01 4.372500000000000497e+00 1.152749999999999986e+01 4.372500000000000497e+00 1.152749999999999986e+01 4.372500000000000497e+00
1.160699999999999932e+01 4.293000000000000149e+00 1.160699999999999932e+01 4.293000000000000149e+00 1.160699999999999932e+01 4.293000000000000149e+00 1.160699999999999932e+01 4.293000000000000149e+00 1.160699999999999932e+01 4.293000000000000149e+00
1.168650000000000055e+01 4.213500000000000689e+00 1.168650000000000055e+01 4.213500000000000689e+00 1.168650000000000055e+01 4.213500000000000689e+00 1.168650000000000055e+01 4.213500000000000689e+00 1.168650000000000055e+01 4.213500000000000689e+00
1.176600000000000001e+01 4.134000000000000341e+00 1.176600000000000001e+01 4.134000000000000341e+00 1.176600000000000001e+01 4.134000000000000341e+00 1.176600000000000001e+01 4.134000000000000341e+00 1.176600000000000001e+01 4.134000000000000341e+00
1.184549999999999947e+01 4.054499999999999993e+00 1.184549999999999947e+01 4.054499999999999993e+00 1.184549999999999947e+01 4.054499999999999993e+00 1.184549999999999947e+01 4.054499999999999993e+00 1.184549999999999947e+01 4.054499999999999993e+00
1.192500000000000071e+01 3.975000000000000089e+00 1.192500000000000071e+01 3.975000000000000089e+00 1.192500000000000071e+01 3.975000000000000089e+00 1.192500000000000071e+01 3.975000000000000089e+00 1.192500000000000071e+01 3.975000000000000089e+00
1.200450000000000017e+01 3.895500000000000185e+00 1.200450000000000017e+01 3.895500000000000185e+00 1.200450000000000017e+01 3.895500000000000185e+00 1.200450000000000017e+01 3.895500000000000185e+00 1.200450000000000017e+01 3.895500000000000185e+00
1.208399999999999963e+01 3.815999999999999837e+00 1.208399999999999963e+01 3.815999999999999837e+00 1.208399999999999963e+01 3.815999999999999837e+00 1.208399999999999963e+01 3.815999999999999837e+00 1.208399999999999963e+01 3.815999999999999837e+00
1.216350000000000087e+01 3.736499999999999932e+00 1.216350000000000087e+01 3.736499999999999932e+00 1.216350000000000087e+01 3.736499999999999932e+00 1.216350000000000087e+01 3.736499999999999932e+00 1.216350000000000087e+01 3.736499999999999932e+00
1.224300000000000033e+01 3.656999999999999584e+00 1.224300000000000033e+01 3.656999999999999584e+00 1.224300000000000033e+01 3.656999999999999584e+00 1.224300000000000033e+01 3.656999999999999584e+00 1.224300000000000033e+01 3.656999999999999584e+00
1.232249999999999979e+01 3.577499999999999680e+00 1.232249999999999979e+01 3.577499999999999680e+00 1.232249999999999979e+01 3.577499999999999680e+00 1.232249999999999979e+01 3.577499999999999680e+00 1.232249999999999979e+01 3.577499999999999680e+00
1.240200000000000102e+01 3.497999999999999776e+00 1.240200000000000102e+01 3.497999999999999776e+00 1.240200000000000102e+01 3.497999999999999776e+00 1.240200000000000102e+01 3.497999999999999776e+00 1.240200000000000102e+01 3.497999999999999776e+00
1.248150000000000048e+01 3.418499999999999428e+00 1.248150000000000048e+01 3.418499999999999428e+00 1.248150000000000048e+01 3.418499999999999428e+00 1.248150000000000048e+01 3.418499999999999428e+00 1.248150000000000048e+01 3.418499999999999428e+00
1.256100000000000172e+01 3.338999999999999524e+00 1.256100000000000172e+01 3.338999999999999524e+00 1.256100000000000172e+01 3.338999999999999524e+00 1.256100000000000172e+01 3.338999999999999524e+00 1.256100000000000172e+01 3.338999999999999524e+00
1.264050000000000118e+01 3.259499999999999620e+00 1.264050000000000118e+01 3.259499999999999620e+00 1.264050000000000118e+01 3.259499999999999620e+00 1.264050000000000118e+01 3.259499999999999620e+00 1.264050000000000118e+01 3.259499999999999620e+00
1.272000000000000064e+01 3.179999999999999272e+00 1.272000000000000064e+01 3.179999999999999272e+00 1.272000000000000064e+01 3.179999999999999272e+00 1.272000000000000064e+01 3.179999999999999272e+00 1.272000000000000064e+01 3.179999999999999272e+00
1.279950000000000188e+01 3.100499999999999368e+00 1.279950000000000188e+01 3.100499999999999368e+00 1.279950000000000188e+01 3.100499999999999368e+00 1.279950000000000188e+01 3.100499999999999368e+00 1.279950000000000188e+01 3.100499999999999368e+00
1.287900000000000134e+01 3.020999999999999019e+00 1.287900000000000134e+01 3.020999999999999019e+00 1.287900000000000134e+01 3.020999999999999019e+00 1.287900000000000134e+01 3.020999999999999019e+00 1.287900000000000134e+01 3.020999999999999019e+00
1.295850000000000080e+01 2.941499999999999115e+00 1.295850000000000080e+01 2.941499999999999115e+00 1.295850000000000080e+01 2.941499999999999115e+00 1.295850000000000080e+01 2.941499999999999115e+00 1.295850000000000080e+01 2.941499999999999115e+00
1.303800000000000203e+01 2.861999999999999211e+00 1.303800000000000203e+01 2.861999999999999211e+00 1.303800000000000203e+01 2.861999999999999211e+00 1.303800000000000203e+01 2.861999999999999211e+00 1.303800000000000203e+01 2.861999999999999211e+00
1.311750000000000149e+01 2.782499999999998863e+00 1.311750000000000149e+01 2.782499999999998863e+00 1.311750000000000149e+01 2.782499999999998863e+00 1.311750000000000149e+01 2.782499999999998863e+00 1.311750000000000149e+01 2.782499999999998863e+00
1.319700000000000095e+01 2.702999999999998959e+00 1.319700000000000095e+01 2.702999999999998959e+00 1.319700000000000095e+01 2.702999999999998959e+00 1.319700000000000095e+01 2.702999999999998959e+00 1.319700000000000095e+01 2.702999999999998959e+00
1.327650000000000041e+01 2.623500000000000831e+00 1.327650000000000041e+01 2.623500000000000831e+00 1.327650000000000041e+01 2.623500000000000831e+00 1.327650000000000041e+01 2.623500000000000831e+00 1.327650000000000041e+01 2.623500000000000831e+00
1.335599999999999987e+01 2.544000000000000483e+00 1.335599999999999987e+01 2.544000000000000483e+00 1.335599999999999987e+01 2.544000000000000483e+00 1.335599999999999987e+01 2.544000000000000483e+00 1.335599999999999987e+01 2.544000000000000483e+00
1.343549999999999933e+01 2.464500000000000579e+00 1.343549999999999933e+01 2.464500000000000579e+00 1.343549999999999933e+01 2.464500000000000579e+00 1.343549999999999933e+01 2.464500000000000579e+00 1.343549999999999933e+01 2.464500000000000579e+00
1.351500000000000057e+01 2.385000000000000231e+00 1.351500000000000057e+01 2.385000000000000231e+00 1.351500000000000057e+01 2.385000000000000231e+00 1.351500000000000057e+01 2.385000000000000231e+00 1.351500000000000057e+01 2.385000000000000231e+00
1.359450000000000003e+01 2.305500000000000327e+00 1.359450000000000003e+01 2.305500000000000327e+00 1.359450000000000003e+01 2.305500000000000327e+00 1.359450000000000003e+01 2.305500000000000327e+00 1.359450000000000003e+01 2.305500000000000327e+00
1.367399999999999949e+01 2.226000000000000423e+00 1.367399999999999949e+01 2.226000000000000423e+00 1.367399999999999949e+01 2.226000000000000423e+00 1.367399999999999949e+01 2.226000000000000423e+00 1.367399999999999949e+01 2.226000000000000423e+00
1.375350000000000072e+01 2.146500000000000075e+00 1.375350000000000072e+01 2.146500000000000075e+00 1.375350000000000072e+01 2.146500000000000075e+00 1.375350000000000072e+01 2.146500000000000075e+00 1.375350000000000072e+01 2.146500000000000075e+00
1.383300000000000018e+01 2.067000000000000171e+00 1.383300000000000018e+01 2.067000000000000171e+00 1.383300000000000018e+01 2.067000000000000171e+00 1.383300000000000018e+01 2.067000000000000171e+00 1.383300000000000018e+01 2.067000000000000171e+00
1.391249999999999964e+01 1.987500000000000044e+00 1.391249999999999964e+01 1.987500000000000044e+00 1.391249999999999964e+01 1.987500000000000044e+00 1.391249999999999964e+01 1.987500000000000044e+00 1.391249999999999964e+01 1.987500000000000044e+00
1.399200000000000088e+01 1.907999999999999918e+00 1.399200000000000088e+01 1.907999999999999918e+00 1.399200000000000088e+01 1.907999999999999918e+00 1.399200000000000088e+01 1.907999999999999918e+00 1.399200000000000088e+01 1.907999999999999918e+00
1.407150000000000034e+01 1.828499999999999792e+00 1.407150000000000034e+01 1.828499999999999792e+00 1.407150000000000034e+01 1.828499999999999792e+00 1.407150000000000034e+01 1.828499999999999792e+00 1.407150000000000034e+01 1.828499999999999792e+00
1.415099999999999980e+01 1.748999999999999888e+00 1.415099999999999980e+01 1.748999999999999888e+00 1.415099999999999980e+01 1.748999999999999888e+00 1.415099999999999980e+01 1.748999999999999888e+00 1.415099999999999980e+01 1.748999999999999888e+00
1.423050000000000104e+01 1.669499999999999762e+00 1.423050000000000104e+01 1.669499999999999762e+00 1.423050000000000104e+01 1.669499999999999762e+00 1.423050000000000104e+01 1.669499999999999762e+00 1.423050000000000104e+01 1.669499999999999762e+00
1.431000000000000050e+01 1.589999999999999636e+00 1.431000000000000050e+01 1.589999999999999636e+00 1.431000000000000050e+01 1.589999999999999636e+00 1.431000000000000050e+01 1.589999999999999636e+00 1.431000000000000050e+01 1.589999999999999636e+00
1.438949999999999996e+01 1.510499999999999510e+00 1.438949999999999996e+01 1.510499999999999510e+00 1.438949999999999996e+01 1.510499999999999510e+00 1.438949999999999996e+01 1.510499999999999510e+00 1.438949999999999996e+01 1.510499999999999510e+00
1.446900000000000119e+01 1.430999999999999606e+00 1.446900000000000119e+01 1.430999999999999606e+00 1.446900000000000119e+01 1.430999999999999606e+00 1.446900000000000119e+01 1.430999999999999606e+00 1.446900000000000119e+01 1.430999999999999606e+00
1.454850000000000065e+01 1.351499999999999480e+00 1.454850000000000065e+01 1.351499999999999480e+00 1.454850000000000065e+01 1.351499999999999480e+00 1.454850000000000065e+01 1.351499999999999480e+00 1.454850000000000065e+01 1.351499999999999480e+00
1.462800000000000011e+01 1.271999999999999353e+00 1.462800000000000011e+01 1.271999999999999353e+00 1.462800000000000011e+01 1.271999999999999353e+00 1.462800000000000011e+01 1.271999999999999353e+00 1.462800000000000011e+01 1.271999999999999353e+00
1.470750000000000135e+01 1.192499999999999227e+00 1.470750000000000135e+01 1.192499999999999227e+00 1.470750000000000135e+01 1.192499999999999227e+00 1.470750000000000135e+01 1.192499999999999227e+00 1.470750000000000135e+01 1.192499999999999227e+00
1.478700000000000081e+01 1.112999999999999323e+00 1.478700000000000081e+01 1.112999999999999323e+00 1.478700000000000081e+01 1.112999999999999323e+00 1.478700000000000081e+01 1.112999999999999323e+00 1.478700000000000081e+01 1.112999999999999323e+00
1.486650000000000205e+01 1.033499999999999197e+00 1.486650000000000205e+01 1.033499999999999197e+00 1.486650000000000205e+01 1.033499999999999197e+00 1.486650000000000205e+01 1.033499999999999197e+00 1.486650000000000205e+01 1.033499999999999197e+00
1.494600000000000151e+01 9.539999999999990710e-01 1.494600000000000151e+01 9.539999999999990710e-01 1.494600000000000151e+01 9.539999999999990710e-01 1.494600000000000151e+01 9.539999999999990710e-01 1.494600000000000151e+01 9.539999999999990710e-01
1.502550000000000097e+01 8.744999999999990559e-01 1.502550000000000097e+01 8.744999999999990559e-01 1.502550000000000097e+01 8.744999999999990559e-01 1.502550000000000097e+01 8.744999999999990559e-01 1.502550000000000097e+01 8.744999999999990559e-01
1.510500000000000220e+01 7.949999999999989297e-01 1.510500000000000220e+01 7.949999999999989297e-01 1.510500000000000220e+01 7.949999999999989297e-01 1.510500000000000220e+01 7.949999999999989297e-01 1.510500000000000220e+01 7.949999999999989297e-01
1.518450000000000166e+01 7.154999999999989146e-01 1.518450000000000166e+01 7.154999999999989146e-01 1.518450000000000166e+01 7.154999999999989146e-01 1.518450000000000166e+01 7.154999999999989146e-01 1.518450000000000166e+01 7.154999999999989146e-01
1.526399999999999935e+01 6.360000000000005649e-01 1.526399999999999935e+01 6.360000000000005649e-01 1.526399999999999935e+01 6.360000000000005649e-01 1.526399999999999935e+01 6.360000000000005649e-01 1.526399999999999935e+01 6.360000000000005649e-01
1.534350000000000058e+01 5.565000000000005498e-01 1.534350000000000058e+01 5.565000000000005498e-01 1.534350000000000058e+01 5.565000000000005498e-01 1.534350000000000058e+01 5.565000000000005498e-01 1.534350000000000058e+01 5.565000000000005498e-01
1.542300000000000004e+01 4.770000000000004237e-01 1.542300000000000004e+01 4.770000000000004237e-01 1.542300000000000004e+01 4.770000000000004237e-01 1.542300000000000004e+01 4.770000000000004237e-01 1.542300000000000004e+01 4.770000000000004237e-01
1.550249999999999950e+01 3.975000000000003531e-01 1.550249999999999950e+01 3.975000000000003531e-01 1.550249999999999950e+01 3.975000000000003531e-01 1.550249999999999950e+01 3.975000000000003531e-01 1.550249999999999950e+01 3.975000000000003531e-01
1.558200000000000074e+01 3.180000000000002824e-01 1.558200000000000074e+01 3.180000000000002824e-01 1.558200000000000074e+01 3.180000000000002824e-01 1.558200000000000074e+01 3.180000000000002824e-01 1.558200000000000074e+01 3.180000000000002824e-01
1.566150000000000020e+01 2.385000000000002118e-01 1.566150000000000020e+01 2.385000000000002118e-01 1.566150000000000020e+01 2.385000000000002118e-01 1.566150000000000020e+01 2.385000000000002118e-01 1.566150000000000020e+01 2.385000000000002118e-01
1.574099999999999966e+01 1.590000000000001412e-01 1.574099999999999966e+01 1.590000000000001412e-01 1.574099999999999966e+01 1.590000000000001412e-01 1.574099999999999966e+01 1.590000000000001412e-01 1.574099999999999966e+01 1.590000000000001412e-01
1.582050000000000090e+01 7.950000000000007061e-02 1.582050000000000090e+01 7.950000000000007061e-02 1.582050000000000090e+01 7.950000000000007061e-02 1.582050000000000090e+01 7.950000000000007061e-02 1.582050000000000090e+01 7.950000000000007061e-02
1.590000000000000036e+01 0.000000000000000000e+00 1.590000000000000036e+01 0.000000000000000000e+00 1.590000000000000036e+01 0.000000000000000000e+00 1.590000000000000036e+01 0.000000000000000000e+00 1.590000000000000036e+01 0.000000000000000000e+00
