7.950000000000000122e-02 0.000000000000000000e+00 7.950000000000000122e-02 0.000000000000000000e+00 7.950000000000000122e-02 0.000000000000000000e+00 7.950000000000000122e-02 0.000000000000000000e+00 7.950000000000000122e-02 0.000000000000000000e+00
7.870499999999999718e-02 7.950000000000000252e-04 7.870499999999999718e-02 7.950000000000000252e-04 7.870499999999999718e-02 7.950000000000000252e-04 7.870499999999999718e-02 7.950000000000000252e-04 7.870499999999999718e-02 7.950000000000000252e-04
7.790999999999999315e-02 1.590000000000000050e-03 7.790999999999999315e-02 1.590000000000000050e-03 7.790999999999999315e-02 1.590000000000000050e-03 7.790999999999999315e-02 1.590000000000000050e-03 7.790999999999999315e-02 1.590000000000000050e-03
7.711500000000000299e-02 2.384999999999999967e-03 7.711500000000000299e-02 2.384999999999999967e-03 7.711500000000000299e-02 2.384999999999999967e-03 7.711500000000000299e-02 2.384999999999999967e-03 7.711500000000000299e-02 2.384999999999999967e-03
7.631999999999999895e-02 3.180000000000000101e-03 7.631999999999999895e-02 3.180000000000000101e-03 7.631999999999999895e-02 3.180000000000000101e-03 7.631999999999999895e-02 3.180000000000000101e-03 7.631999999999999895e-02 3.180000000000000101e-03
7.552499999999999492e-02 3.975000000000000235e-03 7.552499999999999492e-02 3.975000000000000235e-03 7.552499999999999492e-02 3.975000000000000235e-03 7.552499999999999492e-02 3.975000000000000235e-03 7.552499999999999492e-02 3.975000000000000235e-03
7.472999999999999088e-02 4.769999999999999934e-03 7.472999999999999088e-02 4.769999999999999934e-03 7.472999999999999088e-02 4.769999999999999934e-03 7.472999999999999088e-02 4.769999999999999934e-03 7.472999999999999088e-02 4.769999999999999934e-03
7.393500000000000072e-02 5.565000000000000502e-03 7.393500000000000072e-02 5.565000000000000502e-03 7.393500000000000072e-02 5.565000000000000502e-03 7.393500000000000072e-02 5.565000000000000502e-03 7.393500000000000072e-02 5.565000000000000502e-03
7.314000000000001056e-02 6.360000000000000202e-03 7.314000000000001056e-02 6.360000000000000202e-03 7.314000000000001056e-02 6.360000000000000202e-03 7.314000000000001056e-02 6.360000000000000202e-03 7.314000000000001056e-02 6.360000000000000202e-03
7.234500000000000652e-02 7.154999999999999902e-03 7.234500000000000652e-02 7.154999999999999902e-03 7.234500000000000652e-02 7.154999999999999902e-03 7.234500000000000652e-02 7.154999999999999902e-03 7.234500000000000652e-02 7.154999999999999902e-03
7.155000000000000249e-02 7.950000000000000469e-03 7.155000000000000249e-02 7.950000000000000469e-03 7.155000000000000249e-02 7.950000000000000469e-03 7.155000000000000249e-02 7.950000000000000469e-03 7.155000000000000249e-02 7.950000000000000469e-03
7.075499999999999845e-02 8.745000000000001036e-03 7.075499999999999845e-02 8.745000000000001036e-03 7.075499999999999845e-02 8.745000000000001036e-03 7.075499999999999845e-02 8.745000000000001036e-03 7.075499999999999845e-02 8.745000000000001036e-03
6.996000000000000829e-02 9.539999999999999869e-03 6.996000000000000829e-02 9.539999999999999869e-03 6.996000000000000829e-02 9.539999999999999869e-03 6.996000000000000829e-02 9.539999999999999869e-03 6.996000000000000829e-02 9.539999999999999869e-03
6.916500000000000425e-02 1.033500000000000044e-02 6.916500000000000425e-02 1.033500000000000044e-02 6.916500000000000425e-02 1.033500000000000044e-02 6.916500000000000425e-02 1.033500000000000044e-02 6.916500000000000425e-02 1.033500000000000044e-02
6.837000000000000022e-02 1.113000000000000100e-02 6.837000000000000022e-02 1.113000000000000100e-02 6.837000000000000022e-02 1.113000000000000100e-02 6.837000000000000022e-02 1.113000000000000100e-02 6.837000000000000022e-02 1.113000000000000100e-02
6.757499999999999618e-02 1.192499999999999984e-02 6.757499999999999618e-02 1.192499999999999984e-02 6.757499999999999618e-02 1.192499999999999984e-02 6.757499999999999618e-02 1.192499999999999984e-02 6.757499999999999618e-02 1.192499999999999984e-02
6.677999999999999214e-02 1.272000000000000040e-02 6.677999999999999214e-02 1.272000000000000040e-02 6.677999999999999214e-02 1.272000000000000040e-02 6.677999999999999214e-02 1.272000000000000040e-02 6.677999999999999214e-02 1.272000000000000040e-02
6.598500000000000199e-02 1.351500000000000097e-02 6.598500000000000199e-02 1.351500000000000097e-02 6.598500000000000199e-02 1.351500000000000097e-02 6.598500000000000199e-02 1.351500000000000097e-02 6.598500000000000199e-02 1.351500000000000097e-02
6.519000000000001183e-02 1.430999999999999980e-02 6.519000000000001183e-02 1.430999999999999980e-02 6.519000000000001183e-02 1.430999999999999980e-02 6.519000000000001183e-02 1.430999999999999980e-02 6.519000000000001183e-02 1.430999999999999980e-02
6.439500000000000779e-02 1.510500000000000037e-02 6.439500000000000779e-02 1.510500000000000037e-02 6.439500000000000779e-02 1.510500000000000037e-02 6.439500000000000779e-02 1.510500000000000037e-02 6.439500000000000779e-02 1.510500000000000037e-02
6.360000000000000375e-02 1.590000000000000094e-02 6.360000000000000375e-02 1.590000000000000094e-02 6.360000000000000375e-02 1.590000000000000094e-02 6.360000000000000375e-02 1.590000000000000094e-02 6.360000000000000375e-02 1.590000000000000094e-02
6.280499999999999972e-02 1.669499999999999804e-02 6.280499999999999972e-02 1.669499999999999804e-02 6.280499999999999972e-02 1.669499999999999804e-02 6.280499999999999972e-02 1.669499999999999804e-02 6.280499999999999972e-02 1.669499999999999804e-02
6.201000000000000262e-02 1.749000000000000207e-02 6.201000000000000262e-02 1.749000000000000207e-02 6.201000000000000262e-02 1.749000000000000207e-02 6.201000000000000262e-02 1.749000000000000207e-02 6.201000000000000262e-02 1.749000000000000207e-02
6.121500000000000552e-02 1.828500000000000264e-02 6.121500000000000552e-02 1.828500000000000264e-02 6.121500000000000552e-02 1.828500000000000264e-02 6.121500000000000552e-02 1.828500000000000264e-02 6.121500000000000552e-02 1.828500000000000264e-02
6.042000000000000148e-02 1.907999999999999974e-02 6.042000000000000148e-02 1.907999999999999974e-02 6.042000000000000148e-02 1.907999999999999974e-02 6.042000000000000148e-02 1.907999999999999974e-02 6.042000000000000148e-02 1.907999999999999974e-02
5.962499999999999745e-02 1.987500000000000031e-02 5.962499999999999745e-02 1.987500000000000031e-02 5.962499999999999745e-02 1.987500000000000031e-02 5.962499999999999745e-02 1.987500000000000031e-02 5.962499999999999745e-02 1.987500000000000031e-02
5.883000000000000035e-02 2.067000000000000087e-02 5.883000000000000035e-02 2.067000000000000087e-02 5.883000000000000035e-02 2.067000000000000087e-02 5.883000000000000035e-02 2.067000000000000087e-02 5.883000000000000035e-02 2.067000000000000087e-02
5.803499999999999631e-02 2.146500000000000144e-02 5.803499999999999631e-02 2.146500000000000144e-02 5.803499999999999631e-02 2.146500000000000144e-02 5.803499999999999631e-02 2.146500000000000144e-02 5.803499999999999631e-02 2.146500000000000144e-02
5.723999999999999921e-02 2.226000000000000201e-02 5.723999999999999921e-02 2.226000000000000201e-02 5.723999999999999921e-02 2.226000000000000201e-02 5.723999999999999921e-02 2.226000000000000201e-02 5.723999999999999921e-02 2.226000000000000201e-02
5.644499999999999518e-02 2.305499999999999911e-02 5.644499999999999518e-02 2.305499999999999911e-02 5.644499999999999518e-02 2.305499999999999911e-02 5.644499999999999518e-02 2.305499999999999911e-02 5.644499999999999518e-02 2.305499999999999911e-02
5.564999999999999808e-02 2.384999999999999967e-02 5.564999999999999808e-02 2.384999999999999967e-02 5.564999999999999808e-02 2.384999999999999967e-02 5.564999999999999808e-02 2.384999999999999967e-02 5.564999999999999808e-02 2.384999999999999967e-02
5.485499999999999404e-02 2.464500000000000024e-02 5.485499999999999404e-02 2.464500000000000024e-02 5.485499999999999404e-02 2.464500000000000024e-02 5.485499999999999404e-02 2.464500000000000024e-02 5.485499999999999404e-02 2.464500000000000024e-02
5.405999999999999694e-02 2.544000000000000081e-02 5.405999999999999694e-02 2.544000000000000081e-02 5.405999999999999694e-02 2.544000000000000081e-02 5.405999999999999694e-02 2.544000000000000081e-02 5.405999999999999694e-02 2.544000000000000081e-02
5.326499999999999291e-02 2.623500000000000137e-02 5.326499999999999291e-02 2.623500000000000137e-02 5.326499999999999291e-02 2.623500000000000137e-02 5.326499999999999291e-02 2.623500000000000137e-02 5.326499999999999291e-02 2.623500000000000137e-02
5.246999999999999581e-02 2.703000000000000194e-02 5.246999999999999581e-02 2.703000000000000194e-02 5.246999999999999581e-02 2.703000000000000194e-02 5.246999999999999581e-02 2.703000000000000194e-02 5.246999999999999581e-02 2.703000000000000194e-02
5.167499999999999177e-02 2.782500000000000251e-02 5.167499999999999177e-02 2.782500000000000251e-02 5.167499999999999177e-02 2.782500000000000251e-02 5.167499999999999177e-02 2.782500000000000251e-02 5.167499999999999177e-02 2.782500000000000251e-02
5.088000000000000161e-02 2.861999999999999961e-02 5.088000000000000161e-02 2.861999999999999961e-02 5.088000000000000161e-02 2.861999999999999961e-02 5.088000000000000161e-02 2.861999999999999961e-02 5.088000000000000161e-02 2.861999999999999961e-02
5.008500000000000452e-02 2.941500000000000017e-02 5.008500000000000452e-02 2.941500000000000017e-02 5.008500000000000452e-02 2.941500000000000017e-02 5.008500000000000452e-02 2.941500000000000017e-02 5.008500000000000452e-02 2.941500000000000017e-02
4.929000000000000048e-02 3.021000000000000074e-02 4.929000000000000048e-02 3.021000000000000074e-02 4.929000000000000048e-02 3.021000000000000074e-02 4.929000000000000048e-02 3.021000000000000074e-02 4.929000000000000048e-02 3.021000000000000074e-02
4.849499999999999644e-02 3.100500000000000131e-02 4.849499999999999644e-02 3.100500000000000131e-02 4.849499999999999644e-02 3.100500000000000131e-02 4.849499999999999644e-02 3.100500000000000131e-02 4.849499999999999644e-02 3.100500000000000131e-02
4.769999999999999934e-02 3.180000000000000188e-02 4.769999999999999934e-02 3.180000000000000188e-02 4.769999999999999934e-02 3.180000000000000188e-02 4.769999999999999934e-02 3.180000000000000188e-02 4.769999999999999934e-02 3.180000000000000188e-02
4.690499999999999531e-02 3.259500000000000591e-02 4.690499999999999531e-02 3.259500000000000591e-02 4.690499999999999531e-02 3.259500000000000591e-02 4.690499999999999531e-02 3.259500000000000591e-02 4.690499999999999531e-02 3.259500000000000591e-02
4.611000000000000515e-02 3.338999999999999607e-02 4.611000000000000515e-02 3.338999999999999607e-02 4.611000000000000515e-02 3.338999999999999607e-02 4.611000000000000515e-02 3.338999999999999607e-02 4.611000000000000515e-02 3.338999999999999607e-02
4.531500000000000805e-02 3.418500000000000011e-02 4.531500000000000805e-02 3.418500000000000011e-02 4.531500000000000805e-02 3.418500000000000011e-02 4.531500000000000805e-02 3.418500000000000011e-02 4.531500000000000805e-02 3.418500000000000011e-02
4.452000000000000401e-02 3.498000000000000415e-02 4.452000000000000401e-02 3.498000000000000415e-02 4.452000000000000401e-02 3.498000000000000415e-02 4.452000000000000401e-02 3.498000000000000415e-02 4.452000000000000401e-02 3.498000000000000415e-02
4.372500000000000692e-02 3.577500000000000124e-02 4.372500000000000692e-02 3.577500000000000124e-02 4.372500000000000692e-02 3.577500000000000124e-02 4.372500000000000692e-02 3.577500000000000124e-02 4.372500000000000692e-02 3.577500000000000124e-02
4.293000000000000288e-02 3.657000000000000528e-02 4.293000000000000288e-02 3.657000000000000528e-02 4.293000000000000288e-02 3.657000000000000528e-02 4.293000000000000288e-02 3.657000000000000528e-02 4.293000000000000288e-02 3.657000000000000528e-02
4.213500000000000578e-02 3.736500000000000238e-02 4.213500000000000578e-02 3.736500000000000238e-02 4.213500000000000578e-02 3.736500000000000238e-02 4.213500000000000578e-02 3.736500000000000238e-02 4.213500000000000578e-02 3.736500000000000238e-02
4.134000000000000175e-02 3.815999999999999948e-02 4.134000000000000175e-02 3.815999999999999948e-02 4.134000000000000175e-02 3.815999999999999948e-02 4.134000000000000175e-02 3.815999999999999948e-02 4.134000000000000175e-02 3.815999999999999948e-02
4.054500000000000465e-02 3.895499999999999657e-02 4.054500000000000465e-02 3.895499999999999657e-02 4.054500000000000465e-02 3.895499999999999657e-02 4.054500000000000465e-02 3.895499999999999657e-02 4.054500000000000465e-02 3.895499999999999657e-02
3.975000000000000061e-02 3.975000000000000061e-02 3.975000000000000061e-02 3.975000000000000061e-02 3.975000000000000061e-02 3.975000000000000061e-02 3.975000000000000061e-02 3.975000000000000061e-02 3.975000000000000061e-02 3.975000000000000061e-02
3.895499999999999657e-02 4.054500000000000465e-02 3.895499999999999657e-02 4.054500000000000465e-02 3.895499999999999657e-02 4.054500000000000465e-02 3.895499999999999657e-02 4.054500000000000465e-02 3.895499999999999657e-02 4.054500000000000465e-02
3.815999999999999948e-02 4.134000000000000175e-02 3.815999999999999948e-02 4.134000000000000175e-02 3.815999999999999948e-02 4.134000000000000175e-02 3.815999999999999948e-02 4.134000000000000175e-02 3.815999999999999948e-02 4.134000000000000175e-02
3.736499999999999544e-02 4.213500000000000578e-02 3.736499999999999544e-02 4.213500000000000578e-02 3.736499999999999544e-02 4.213500000000000578e-02 3.736499999999999544e-02 4.213500000000000578e-02 3.736499999999999544e-02 4.213500000000000578e-02
3.656999999999999834e-02 4.293000000000000288e-02 3.656999999999999834e-02 4.293000000000000288e-02 3.656999999999999834e-02 4.293000000000000288e-02 3.656999999999999834e-02 4.293000000000000288e-02 3.656999999999999834e-02 4.293000000000000288e-02
3.577499999999999430e-02 4.372500000000000692e-02 3.577499999999999430e-02 4.372500000000000692e-02 3.577499999999999430e-02 4.372500000000000692e-02 3.577499999999999430e-02 4.372500000000000692e-02 3.577499999999999430e-02 4.372500000000000692e-02
3.497999999999999721e-02 4.452000000000000401e-02 3.497999999999999721e-02 4.452000000000000401e-02 3.497999999999999721e-02 4.452000000000000401e-02 3.497999999999999721e-02 4.452000000000000401e-02 3.497999999999999721e-02 4.452000000000000401e-02
3.418499999999999317e-02 4.531500000000000805e-02 3.418499999999999317e-02 4.531500000000000805e-02 3.418499999999999317e-02 4.531500000000000805e-02 3.418499999999999317e-02 4.531500000000000805e-02 3.418499999999999317e-02 4.531500000000000805e-02
3.339000000000000301e-02 4.610999999999999821e-02 3.339000000000000301e-02 4.610999999999999821e-02 3.339000000000000301e-02 4.610999999999999821e-02 3.339000000000000301e-02 4.610999999999999821e-02 3.339000000000000301e-02 4.610999999999999821e-02
3.259500000000000591e-02 4.690499999999999531e-02 3.259500000000000591e-02 4.690499999999999531e-02 3.259500000000000591e-02 4.690499999999999531e-02 3.259500000000000591e-02 4.690499999999999531e-02 3.259500000000000591e-02 4.690499999999999531e-02
3.180000000000000188e-02 4.769999999999999934e-02 3.180000000000000188e-02 4.769999999999999934e-02 3.180000000000000188e-02 4.769999999999999934e-02 3.180000000000000188e-02 4.769999999999999934e-02 3.180000000000000188e-02 4.769999999999999934e-02
3.100500000000000131e-02 4.849499999999999644e-02 3.100500000000000131e-02 4.849499999999999644e-02 3.100500000000000131e-02 4.849499999999999644e-02 3.100500000000000131e-02 4.849499999999999644e-02 3.100500000000000131e-02 4.849499999999999644e-02
3.021000000000000074e-02 4.929000000000000048e-02 3.021000000000000074e-02 4.929000000000000048e-02 3.021000000000000074e-02 4.929000000000000048e-02 3.021000000000000074e-02 4.929000000000000048e-02 3.021000000000000074e-02 4.929000000000000048e-02
2.941500000000000017e-02 5.008500000000000452e-02 2.941500000000000017e-02 5.008500000000000452e-02 2.941500000000000017e-02 5.008500000000000452e-02 2.941500000000000017e-02 5.008500000000000452e-02 2.941500000000000017e-02 5.008500000000000452e-02
2.861999999999999961e-02 5.088000000000000161e-02 2.861999999999999961e-02 5.088000000000000161e-02 2.861999999999999961e-02 5.088000000000000161e-02 2.861999999999999961e-02 5.088000000000000161e-02 2.861999999999999961e-02 5.088000000000000161e-02
2.782499999999999904e-02 5.167500000000000565e-02 2.782499999999999904e-02 5.167500000000000565e-02 2.782499999999999904e-02 5.167500000000000565e-02 2.782499999999999904e-02 5.167500000000000565e-02 2.782499999999999904e-02 5.167500000000000565e-02
2.702999999999999847e-02 5.247000000000000275e-02 2.702999999999999847e-02 5.247000000000000275e-02 2.702999999999999847e-02 5.247000000000000275e-02 2.702999999999999847e-02 5.247000000000000275e-02 2.702999999999999847e-02 5.247000000000000275e-02
2.623499999999999791e-02 5.326500000000000679e-02 2.623499999999999791e-02 5.326500000000000679e-02 2.623499999999999791e-02 5.326500000000000679e-02 2.623499999999999791e-02 5.326500000000000679e-02 2.623499999999999791e-02 5.326500000000000679e-02
2.543999999999999734e-02 5.406000000000000388e-02 2.543999999999999734e-02 5.406000000000000388e-02 2.543999999999999734e-02 5.406000000000000388e-02 2.543999999999999734e-02 5.406000000000000388e-02 2.543999999999999734e-02 5.406000000000000388e-02
2.464499999999999677e-02 5.485500000000000792e-02 2.464499999999999677e-02 5.485500000000000792e-02 2.464499999999999677e-02 5.485500000000000792e-02 2.464499999999999677e-02 5.485500000000000792e-02 2.464499999999999677e-02 5.485500000000000792e-02
2.384999999999999620e-02 5.565000000000000502e-02 2.384999999999999620e-02 5.565000000000000502e-02 2.384999999999999620e-02 5.565000000000000502e-02 2.384999999999999620e-02 5.565000000000000502e-02 2.384999999999999620e-02 5.565000000000000502e-02
2.305500000000000257e-02 5.644499999999999518e-02 2.305500000000000257e-02 5.644499999999999518e-02 2.305500000000000257e-02 5.644499999999999518e-02 2.305500000000000257e-02 5.644499999999999518e-02 2.305500000000000257e-02 5.644499999999999518e-02
2.226000000000000201e-02 5.723999999999999921e-02 2.226000000000000201e-02 5.723999999999999921e-02 2.226000000000000201e-02 5.723999999999999921e-02 2.226000000000000201e-02 5.723999999999999921e-02 2.226000000000000201e-02 5.723999999999999921e-02
2.146500000000000144e-02 5.803499999999999631e-02 2.146500000000000144e-02 5.803499999999999631e-02 2.146500000000000144e-02 5.803499999999999631e-02 2.146500000000000144e-02 5.803499999999999631e-02 2.146500000000000144e-02 5.803499999999999631e-02
2.067000000000000087e-02 5.883000000000000035e-02 2.067000000000000087e-02 5.883000000000000035e-02 2.067000000000000087e-02 5.883000000000000035e-02 2.067000000000000087e-02 5.883000000000000035e-02 2.067000000000000087e-02 5.883000000000000035e-02
1.987500000000000031e-02 5.962499999999999745e-02 1.987500000000000031e-02 5.962499999999999745e-02 1.987500000000000031e-02 5.962499999999999745e-02 1.987500000000000031e-02 5.962499999999999745e-02 1.987500000000000031e-02 5.962499999999999745e-02
1.907999999999999974e-02 6.042000000000000148e-02 1.907999999999999974e-02 6.042000000000000148e-02 1.907999999999999974e-02 6.042000000000000148e-02 1.907999999999999974e-02 6.042000000000000148e-02 1.907999999999999974e-02 6.042000000000000148e-02
1.828499999999999917e-02 6.121500000000000552e-02 1.828499999999999917e-02 6.121500000000000552e-02 1.828499999999999917e-02 6.121500000000000552e-02 1.828499999999999917e-02 6.121500000000000552e-02 1.828499999999999917e-02 6.121500000000000552e-02
1.748999999999999860e-02 6.201000000000000262e-02 1.748999999999999860e-02 6.201000000000000262e-02 1.748999999999999860e-02 6.201000000000000262e-02 1.748999999999999860e-02 6.201000000000000262e-02 1.748999999999999860e-02 6.201000000000000262e-02
1.669499999999999804e-02 6.280499999999999972e-02 1.669499999999999804e-02 6.280499999999999972e-02 1.669499999999999804e-02 6.280499999999999972e-02 1.669499999999999804e-02 6.280499999999999972e-02 1.669499999999999804e-02 6.280499999999999972e-02
1.589999999999999747e-02 6.360000000000000375e-02 1.589999999999999747e-02 6.360000000000000375e-02 1.589999999999999747e-02 6.360000000000000375e-02 1.589999999999999747e-02 6.360000000000000375e-02 1.589999999999999747e-02 6.360000000000000375e-02
1.510499999999999517e-02 6.439500000000000779e-02 1.510499999999999517e-02 6.439500000000000779e-02 1.510499999999999517e-02 6.439500000000000779e-02 1.510499999999999517e-02 6.439500000000000779e-02 1.510499999999999517e-02 6.439500000000000779e-02
1.430999999999999460e-02 6.519000000000001183e-02 1.430999999999999460e-02 6.519000000000001183e-02 1.430999999999999460e-02 6.519000000000001183e-02 1.430999999999999460e-02 6.519000000000001183e-02 1.430999999999999460e-02 6.519000000000001183e-02
1.351499999999999403e-02 6.598500000000000199e-02 1.351499999999999403e-02 6.598500000000000199e-02 1.351499999999999403e-02 6.598500000000000199e-02 1.351499999999999403e-02 6.598500000000000199e-02 1.351499999999999403e-02 6.598500000000000199e-02
1.272000000000000214e-02 6.677999999999999214e-02 1.272000000000000214e-02 6.677999999999999214e-02 1.272000000000000214e-02 6.677999999999999214e-02 1.272000000000000214e-02 6.677999999999999214e-02 1.272000000000000214e-02 6.677999999999999214e-02
1.192500000000000157e-02 6.757499999999999618e-02 1.192500000000000157e-02 6.757499999999999618e-02 1.192500000000000157e-02 6.757499999999999618e-02 1.192500000000000157e-02 6.757499999999999618e-02 1.192500000000000157e-02 6.757499999999999618e-02
1.113000000000000100e-02 6.837000000000000022e-02 1.113000000000000100e-02 6.837000000000000022e-02 1.113000000000000100e-02 6.837000000000000022e-02 1.113000000000000100e-02 6.837000000000000022e-02 1.113000000000000100e-02 6.837000000000000022e-02
1.033500000000000044e-02 6.916500000000000425e-02 1.033500000000000044e-02 6.916500000000000425e-02 1.033500000000000044e-02 6.916500000000000425e-02 1.033500000000000044e-02 6.916500000000000425e-02 1.033500000000000044e-02 6.916500000000000425e-02
9.539999999999999869e-03 6.996000000000000829e-02 9.539999999999999869e-03 6.996000000000000829e-02 9.539999999999999869e-03 6.996000000000000829e-02 9.539999999999999869e-03 6.996000000000000829e-02 9.539999999999999869e-03 6.996000000000000829e-02
8.744999999999999302e-03 7.075499999999999845e-02 8.744999999999999302e-03 7.075499999999999845e-02 8.744999999999999302e-03 7.075499999999999845e-02 8.744999999999999302e-03 7.075499999999999845e-02 8.744999999999999302e-03 7.075499999999999845e-02
7.949999999999998734e-03 7.155000000000000249e-02 7.949999999999998734e-03 7.155000000000000249e-02 7.949999999999998734e-03 7.155000000000000249e-02 7.949999999999998734e-03 7.155000000000000249e-02 7.949999999999998734e-03 7.155000000000000249e-02
7.154999999999997300e-03 7.234500000000000652e-02 7.154999999999997300e-03 7.234500000000000652e-02 7.154999999999997300e-03 7.234500000000000652e-02 7.154999999999997300e-03 7.234500000000000652e-02 7.154999999999997300e-03 7.234500000000000652e-02
6.359999999999996732e-03 7.314000000000001056e-02 6.359999999999996732e-03 7.314000000000001056e-02 6.359999999999996732e-03 7.314000000000001056e-02 6.359999999999996732e-03 7.314000000000001056e-02 6.359999999999996732e-03 7.314000000000001056e-02
5.564999999999996165e-03 7.393500000000000072e-02 5.564999999999996165e-03 7.393500000000000072e-02 5.564999999999996165e-03 7.393500000000000072e-02 5.564999999999996165e-03 7.393500000000000072e-02 5.564999999999996165e-03 7.393500000000000072e-02
4.769999999999995598e-03 7.473000000000000476e-02 4.769999999999995598e-03 7.473000000000000476e-02 4.769999999999995598e-03 7.473000000000000476e-02 4.769999999999995598e-03 7.473000000000000476e-02 4.769999999999995598e-03 7.473000000000000476e-02
3.974999999999995030e-03 7.552500000000000879e-02 3.974999999999995030e-03 7.552500000000000879e-02 3.974999999999995030e-03 7.552500000000000879e-02 3.974999999999995030e-03 7.552500000000000879e-02 3.974999999999995030e-03 7.552500000000000879e-02
3.180000000000002703e-03 7.631999999999999895e-02 3.180000000000002703e-03 7.631999999999999895e-02 3.180000000000002703e-03 7.631999999999999895e-02 3.180000000000002703e-03 7.631999999999999895e-02 3.180000000000002703e-03 7.631999999999999895e-02
2.385000000000002136e-03 7.711500000000000299e-02 2.385000000000002136e-03 7.711500000000000299e-02 2.385000000000002136e-03 7.711500000000000299e-02 2.385000000000002136e-03 7.711500000000000299e-02 2.385000000000002136e-03 7.711500000000000299e-02
1.590000000000001351e-03 7.790999999999999315e-02 1.590000000000001351e-03 7.790999999999999315e-02 1.590000000000001351e-03 7.790999999999999315e-02 1.590000000000001351e-03 7.790999999999999315e-02 1.590000000000001351e-03 7.790999999999999315e-02
7.950000000000006757e-04 7.870499999999999718e-02 7.950000000000006757e-04 7.870499999999999718e-02 7.950000000000006757e-04 7.870499999999999718e-02 7.950000000000006757e-04 7.870499999999999718e-02 7.950000000000006757e-04 7.870499999999999718e-02
0.000000000000000000e+00 7.950000000000000122e-02 0.000000000000000000e+00 7.950000000000000122e-02 0.000000000000000000e+00 7.950000000000000122e-02 0.000000000000000000e+00 7.950000000000000122e-02 0.000000000000000000e+00 7.950000000000000122e-02
0.000000000000000000e+00 7.950000000000000122e-02 0.000000000000000000e+00 7.950000000000000122e-02 0.000000000000000000e+00 7.950000000000000122e-02 0.000000000000000000e+00 7.950000000000000122e-02 0.000000000000000000e+00 7.950000000000000122e-02
8.030303030303031489e-04 7.869696969696969580e-02 8.030303030303031489e-04 7.869696969696969580e-02 8.030303030303031489e-04 7.869696969696969580e-02 8.030303030303031489e-04 7.869696969696969580e-02 8.030303030303031489e-04 7.869696969696969580e-02
1.606060606060606298e-03 7.789393939393939037e-02 1.606060606060606298e-03 7.789393939393939037e-02 1.606060606060606298e-03 7.789393939393939037e-02 1.606060606060606298e-03 7.789393939393939037e-02 1.606060606060606298e-03 7.789393939393939037e-02
2.409090909090909338e-03 7.709090909090909882e-02 2.409090909090909338e-03 7.709090909090909882e-02 2.409090909090909338e-03 7.709090909090909882e-02 2.409090909090909338e-03 7.709090909090909882e-02 2.409090909090909338e-03 7.709090909090909882e-02
3.212121212121212595e-03 7.628787878787877952e-02 3.212121212121212595e-03 7.628787878787877952e-02 3.212121212121212595e-03 7.628787878787877952e-02 3.212121212121212595e-03 7.628787878787877952e-02 3.212121212121212595e-03 7.628787878787877952e-02
4.015151515151515853e-03 7.548484848484848797e-02 4.015151515151515853e-03 7.548484848484848797e-02 4.015151515151515853e-03 7.548484848484848797e-02 4.015151515151515853e-03 7.548484848484848797e-02 4.015151515151515853e-03 7.548484848484848797e-02
4.818181818181818676e-03 7.468181818181818254e-02 4.818181818181818676e-03 7.468181818181818254e-02 4.818181818181818676e-03 7.468181818181818254e-02 4.818181818181818676e-03 7.468181818181818254e-02 4.818181818181818676e-03 7.468181818181818254e-02
5.621212121212122367e-03 7.387878787878787712e-02 5.621212121212122367e-03 7.387878787878787712e-02 5.621212121212122367e-03 7.387878787878787712e-02 5.621212121212122367e-03 7.387878787878787712e-02 5.621212121212122367e-03 7.387878787878787712e-02
6.424242424242425191e-03 7.307575757575758557e-02 6.424242424242425191e-03 7.307575757575758557e-02 6.424242424242425191e-03 7.307575757575758557e-02 6.424242424242425191e-03 7.307575757575758557e-02 6.424242424242425191e-03 7.307575757575758557e-02
7.227272727272728015e-03 7.227272727272726627e-02 7.227272727272728015e-03 7.227272727272726627e-02 7.227272727272728015e-03 7.227272727272726627e-02 7.227272727272728015e-03 7.227272727272726627e-02 7.227272727272728015e-03 7.227272727272726627e-02
8.030303030303031706e-03 7.146969696969697472e-02 8.030303030303031706e-03 7.146969696969697472e-02 8.030303030303031706e-03 7.146969696969697472e-02 8.030303030303031706e-03 7.146969696969697472e-02 8.030303030303031706e-03 7.146969696969697472e-02
8.833333333333333662e-03 7.066666666666666929e-02 8.833333333333333662e-03 7.066666666666666929e-02 8.833333333333333662e-03 7.066666666666666929e-02 8.833333333333333662e-03 7.066666666666666929e-02 8.833333333333333662e-03 7.066666666666666929e-02
9.636363636363637353e-03 6.986363636363636387e-02 9.636363636363637353e-03 6.986363636363636387e-02 9.636363636363637353e-03 6.986363636363636387e-02 9.636363636363637353e-03 6.986363636363636387e-02 9.636363636363637353e-03 6.986363636363636387e-02
1.043939393939394104e-02 6.906060606060605844e-02 1.043939393939394104e-02 6.906060606060605844e-02 1.043939393939394104e-02 6.906060606060605844e-02 1.043939393939394104e-02 6.906060606060605844e-02 1.043939393939394104e-02 6.906060606060605844e-02
1.124242424242424473e-02 6.825757575757575302e-02 1.124242424242424473e-02 6.825757575757575302e-02 1.124242424242424473e-02 6.825757575757575302e-02 1.124242424242424473e-02 6.825757575757575302e-02 1.124242424242424473e-02 6.825757575757575302e-02
1.204545454545454669e-02 6.745454545454546147e-02 1.204545454545454669e-02 6.745454545454546147e-02 1.204545454545454669e-02 6.745454545454546147e-02 1.204545454545454669e-02 6.745454545454546147e-02 1.204545454545454669e-02 6.745454545454546147e-02
1.284848484848485038e-02 6.665151515151515604e-02 1.284848484848485038e-02 6.665151515151515604e-02 1.284848484848485038e-02 6.665151515151515604e-02 1.284848484848485038e-02 6.665151515151515604e-02 1.284848484848485038e-02 6.665151515151515604e-02
1.365151515151515407e-02 6.584848484848485062e-02 1.365151515151515407e-02 6.584848484848485062e-02 1.365151515151515407e-02 6.584848484848485062e-02 1.365151515151515407e-02 6.584848484848485062e-02 1.365151515151515407e-02 6.584848484848485062e-02
1.445454545454545603e-02 6.504545454545454519e-02 1.445454545454545603e-02 6.504545454545454519e-02 1.445454545454545603e-02 6.504545454545454519e-02 1.445454545454545603e-02 6.504545454545454519e-02 1.445454545454545603e-02 6.504545454545454519e-02
1.525757575757575972e-02 6.424242424242423977e-02 1.525757575757575972e-02 6.424242424242423977e-02 1.525757575757575972e-02 6.424242424242423977e-02 1.525757575757575972e-02 6.424242424242423977e-02 1.525757575757575972e-02 6.424242424242423977e-02
1.606060606060606341e-02 6.343939393939394822e-02 1.606060606060606341e-02 6.343939393939394822e-02 1.606060606060606341e-02 6.343939393939394822e-02 1.606060606060606341e-02 6.343939393939394822e-02 1.606060606060606341e-02 6.343939393939394822e-02
1.686363636363636537e-02 6.263636363636362892e-02 1.686363636363636537e-02 6.263636363636362892e-02 1.686363636363636537e-02 6.263636363636362892e-02 1.686363636363636537e-02 6.263636363636362892e-02 1.686363636363636537e-02 6.263636363636362892e-02
1.766666666666666732e-02 6.183333333333333737e-02 1.766666666666666732e-02 6.183333333333333737e-02 1.766666666666666732e-02 6.183333333333333737e-02 1.766666666666666732e-02 6.183333333333333737e-02 1.766666666666666732e-02 6.183333333333333737e-02
1.846969696969697275e-02 6.103030303030302500e-02 1.846969696969697275e-02 6.103030303030302500e-02 1.846969696969697275e-02 6.103030303030302500e-02 1.846969696969697275e-02 6.103030303030302500e-02 1.846969696969697275e-02 6.103030303030302500e-02
1.927272727272727471e-02 6.022727272727272652e-02 1.927272727272727471e-02 6.022727272727272652e-02 1.927272727272727471e-02 6.022727272727272652e-02 1.927272727272727471e-02 6.022727272727272652e-02 1.927272727272727471e-02 6.022727272727272652e-02
2.007575757575757666e-02 5.942424242424242109e-02 2.007575757575757666e-02 5.942424242424242109e-02 2.007575757575757666e-02 5.942424242424242109e-02 2.007575757575757666e-02 5.942424242424242109e-02 2.007575757575757666e-02 5.942424242424242109e-02
2.087878787878788209e-02 5.862121212121212260e-02 2.087878787878788209e-02 5.862121212121212260e-02 2.087878787878788209e-02 5.862121212121212260e-02 2.087878787878788209e-02 5.862121212121212260e-02 2.087878787878788209e-02 5.862121212121212260e-02
2.168181818181818404e-02 5.781818181818182412e-02 2.168181818181818404e-02 5.781818181818182412e-02 2.168181818181818404e-02 5.781818181818182412e-02 2.168181818181818404e-02 5.781818181818182412e-02 2.168181818181818404e-02 5.781818181818182412e-02
2.248484848484848947e-02 5.701515151515151175e-02 2.248484848484848947e-02 5.701515151515151175e-02 2.248484848484848947e-02 5.701515151515151175e-02 2.248484848484848947e-02 5.701515151515151175e-02 2.248484848484848947e-02 5.701515151515151175e-02
2.328787878787878796e-02 5.621212121212121327e-02 2.328787878787878796e-02 5.621212121212121327e-02 2.328787878787878796e-02 5.621212121212121327e-02 2.328787878787878796e-02 5.621212121212121327e-02 2.328787878787878796e-02 5.621212121212121327e-02
2.409090909090909338e-02 5.540909090909091478e-02 2.409090909090909338e-02 5.540909090909091478e-02 2.409090909090909338e-02 5.540909090909091478e-02 2.409090909090909338e-02 5.540909090909091478e-02 2.409090909090909338e-02 5.540909090909091478e-02
2.489393939393939534e-02 5.460606060606060241e-02 2.489393939393939534e-02 5.460606060606060241e-02 2.489393939393939534e-02 5.460606060606060241e-02 2.489393939393939534e-02 5.460606060606060241e-02 2.489393939393939534e-02 5.460606060606060241e-02
2.569696969696970076e-02 5.380303030303029699e-02 2.569696969696970076e-02 5.380303030303029699e-02 2.569696969696970076e-02 5.380303030303029699e-02 2.569696969696970076e-02 5.380303030303029699e-02 2.569696969696970076e-02 5.380303030303029699e-02
2.650000000000000272e-02 5.299999999999999850e-02 2.650000000000000272e-02 5.299999999999999850e-02 2.650000000000000272e-02 5.299999999999999850e-02 2.650000000000000272e-02 5.299999999999999850e-02 2.650000000000000272e-02 5.299999999999999850e-02
2.730303030303030815e-02 5.219696969696970001e-02 2.730303030303030815e-02 5.219696969696970001e-02 2.730303030303030815e-02 5.219696969696970001e-02 2.730303030303030815e-02 5.219696969696970001e-02 2.730303030303030815e-02 5.219696969696970001e-02
2.810606060606061010e-02 5.139393939393938765e-02 2.810606060606061010e-02 5.139393939393938765e-02 2.810606060606061010e-02 5.139393939393938765e-02 2.810606060606061010e-02 5.139393939393938765e-02 2.810606060606061010e-02 5.139393939393938765e-02
2.890909090909091206e-02 5.059090909090908916e-02 2.890909090909091206e-02 5.059090909090908916e-02 2.890909090909091206e-02 5.059090909090908916e-02 2.890909090909091206e-02 5.059090909090908916e-02 2.890909090909091206e-02 5.059090909090908916e-02
2.971212121212121401e-02 4.978787878787879068e-02 2.971212121212121401e-02 4.978787878787879068e-02 2.971212121212121401e-02 4.978787878787879068e-02 2.971212121212121401e-02 4.978787878787879068e-02 2.971212121212121401e-02 4.978787878787879068e-02
3.051515151515151944e-02 4.898484848484848525e-02 3.051515151515151944e-02 4.898484848484848525e-02 3.051515151515151944e-02 4.898484848484848525e-02 3.051515151515151944e-02 4.898484848484848525e-02 3.051515151515151944e-02 4.898484848484848525e-02
3.131818181818182140e-02 4.818181818181817289e-02 3.131818181818182140e-02 4.818181818181817289e-02 3.131818181818182140e-02 4.818181818181817289e-02 3.131818181818182140e-02 4.818181818181817289e-02 3.131818181818182140e-02 4.818181818181817289e-02
3.212121212121212682e-02 4.737878787878787440e-02 3.212121212121212682e-02 4.737878787878787440e-02 3.212121212121212682e-02 4.737878787878787440e-02 3.212121212121212682e-02 4.737878787878787440e-02 3.212121212121212682e-02 4.737878787878787440e-02
3.292424242424243225e-02 4.657575757575757591e-02 3.292424242424243225e-02 4.657575757575757591e-02 3.292424242424243225e-02 4.657575757575757591e-02 3.292424242424243225e-02 4.657575757575757591e-02 3.292424242424243225e-02 4.657575757575757591e-02
3.372727272727273073e-02 4.577272727272727049e-02 3.372727272727273073e-02 4.577272727272727049e-02 3.372727272727273073e-02 4.577272727272727049e-02 3.372727272727273073e-02 4.577272727272727049e-02 3.372727272727273073e-02 4.577272727272727049e-02
3.453030303030302922e-02 4.496969696969697200e-02 3.453030303030302922e-02 4.496969696969697200e-02 3.453030303030302922e-02 4.496969696969697200e-02 3.453030303030302922e-02 4.496969696969697200e-02 3.453030303030302922e-02 4.496969696969697200e-02
3.533333333333333465e-02 4.416666666666666657e-02 3.533333333333333465e-02 4.416666666666666657e-02 3.533333333333333465e-02 4.416666666666666657e-02 3.533333333333333465e-02 4.416666666666666657e-02 3.533333333333333465e-02 4.416666666666666657e-02
3.613636363636364007e-02 4.336363636363636115e-02 3.613636363636364007e-02 4.336363636363636115e-02 3.613636363636364007e-02 4.336363636363636115e-02 3.613636363636364007e-02 4.336363636363636115e-02 3.613636363636364007e-02 4.336363636363636115e-02
3.693939393939394550e-02 4.256060606060605572e-02 3.693939393939394550e-02 4.256060606060605572e-02 3.693939393939394550e-02 4.256060606060605572e-02 3.693939393939394550e-02 4.256060606060605572e-02 3.693939393939394550e-02 4.256060606060605572e-02
3.774242424242425092e-02 4.175757575757575030e-02 3.774242424242425092e-02 4.175757575757575030e-02 3.774242424242425092e-02 4.175757575757575030e-02 3.774242424242425092e-02 4.175757575757575030e-02 3.774242424242425092e-02 4.175757575757575030e-02
3.854545454545454941e-02 4.095454545454545181e-02 3.854545454545454941e-02 4.095454545454545181e-02 3.854545454545454941e-02 4.095454545454545181e-02 3.854545454545454941e-02 4.095454545454545181e-02 3.854545454545454941e-02 4.095454545454545181e-02
3.934848484848484790e-02 4.015151515151514638e-02 3.934848484848484790e-02 4.015151515151514638e-02 3.934848484848484790e-02 4.015151515151514638e-02 3.934848484848484790e-02 4.015151515151514638e-02 3.934848484848484790e-02 4.015151515151514638e-02
4.015151515151515332e-02 3.934848484848484790e-02 4.015151515151515332e-02 3.934848484848484790e-02 4.015151515151515332e-02 3.934848484848484790e-02 4.015151515151515332e-02 3.934848484848484790e-02 4.015151515151515332e-02 3.934848484848484790e-02
4.095454545454546569e-02 3.854545454545453553e-02 4.095454545454546569e-02 3.854545454545453553e-02 4.095454545454546569e-02 3.854545454545453553e-02 4.095454545454546569e-02 3.854545454545453553e-02 4.095454545454546569e-02 3.854545454545453553e-02
4.175757575757576417e-02 3.774242424242423705e-02 4.175757575757576417e-02 3.774242424242423705e-02 4.175757575757576417e-02 3.774242424242423705e-02 4.175757575757576417e-02 3.774242424242423705e-02 4.175757575757576417e-02 3.774242424242423705e-02
4.256060606060606266e-02 3.693939393939393856e-02 4.256060606060606266e-02 3.693939393939393856e-02 4.256060606060606266e-02 3.693939393939393856e-02 4.256060606060606266e-02 3.693939393939393856e-02 4.256060606060606266e-02 3.693939393939393856e-02
4.336363636363636809e-02 3.613636363636363313e-02 4.336363636363636809e-02 3.613636363636363313e-02 4.336363636363636809e-02 3.613636363636363313e-02 4.336363636363636809e-02 3.613636363636363313e-02 4.336363636363636809e-02 3.613636363636363313e-02
4.416666666666666657e-02 3.533333333333333465e-02 4.416666666666666657e-02 3.533333333333333465e-02 4.416666666666666657e-02 3.533333333333333465e-02 4.416666666666666657e-02 3.533333333333333465e-02 4.416666666666666657e-02 3.533333333333333465e-02
4.496969696969697894e-02 3.453030303030302228e-02 4.496969696969697894e-02 3.453030303030302228e-02 4.496969696969697894e-02 3.453030303030302228e-02 4.496969696969697894e-02 3.453030303030302228e-02 4.496969696969697894e-02 3.453030303030302228e-02
4.577272727272727743e-02 3.372727272727272380e-02 4.577272727272727743e-02 3.372727272727272380e-02 4.577272727272727743e-02 3.372727272727272380e-02 4.577272727272727743e-02 3.372727272727272380e-02 4.577272727272727743e-02 3.372727272727272380e-02
4.657575757575757591e-02 3.292424242424242531e-02 4.657575757575757591e-02 3.292424242424242531e-02 4.657575757575757591e-02 3.292424242424242531e-02 4.657575757575757591e-02 3.292424242424242531e-02 4.657575757575757591e-02 3.292424242424242531e-02
4.737878787878788134e-02 3.212121212121211988e-02 4.737878787878788134e-02 3.212121212121211988e-02 4.737878787878788134e-02 3.212121212121211988e-02 4.737878787878788134e-02 3.212121212121211988e-02 4.737878787878788134e-02 3.212121212121211988e-02
4.818181818181818676e-02 3.131818181818181446e-02 4.818181818181818676e-02 3.131818181818181446e-02 4.818181818181818676e-02 3.131818181818181446e-02 4.818181818181818676e-02 3.131818181818181446e-02 4.818181818181818676e-02 3.131818181818181446e-02
4.898484848484849219e-02 3.051515151515150903e-02 4.898484848484849219e-02 3.051515151515150903e-02 4.898484848484849219e-02 3.051515151515150903e-02 4.898484848484849219e-02 3.051515151515150903e-02 4.898484848484849219e-02 3.051515151515150903e-02
4.978787878787879068e-02 2.971212121212121055e-02 4.978787878787879068e-02 2.971212121212121055e-02 4.978787878787879068e-02 2.971212121212121055e-02 4.978787878787879068e-02 2.971212121212121055e-02 4.978787878787879068e-02 2.971212121212121055e-02
5.059090909090910304e-02 2.890909090909090165e-02 5.059090909090910304e-02 2.890909090909090165e-02 5.059090909090910304e-02 2.890909090909090165e-02 5.059090909090910304e-02 2.890909090909090165e-02 5.059090909090910304e-02 2.890909090909090165e-02
5.139393939393940153e-02 2.810606060606060316e-02 5.139393939393940153e-02 2.810606060606060316e-02 5.139393939393940153e-02 2.810606060606060316e-02 5.139393939393940153e-02 2.810606060606060316e-02 5.139393939393940153e-02 2.810606060606060316e-02
5.219696969696970001e-02 2.730303030303030121e-02 5.219696969696970001e-02 2.730303030303030121e-02 5.219696969696970001e-02 2.730303030303030121e-02 5.219696969696970001e-02 2.730303030303030121e-02 5.219696969696970001e-02 2.730303030303030121e-02
5.300000000000000544e-02 2.649999999999999578e-02 5.300000000000000544e-02 2.649999999999999578e-02 5.300000000000000544e-02 2.649999999999999578e-02 5.300000000000000544e-02 2.649999999999999578e-02 5.300000000000000544e-02 2.649999999999999578e-02
5.380303030303030393e-02 2.569696969696969382e-02 5.380303030303030393e-02 2.569696969696969382e-02 5.380303030303030393e-02 2.569696969696969382e-02 5.380303030303030393e-02 2.569696969696969382e-02 5.380303030303030393e-02 2.569696969696969382e-02
5.460606060606061629e-02 2.489393939393938840e-02 5.460606060606061629e-02 2.489393939393938840e-02 5.460606060606061629e-02 2.489393939393938840e-02 5.460606060606061629e-02 2.489393939393938840e-02 5.460606060606061629e-02 2.489393939393938840e-02
5.540909090909091478e-02 2.409090909090908644e-02 5.540909090909091478e-02 2.409090909090908644e-02 5.540909090909091478e-02 2.409090909090908644e-02 5.540909090909091478e-02 2.409090909090908644e-02 5.540909090909091478e-02 2.409090909090908644e-02
5.621212121212122020e-02 2.328787878787878102e-02 5.621212121212122020e-02 2.328787878787878102e-02 5.621212121212122020e-02 2.328787878787878102e-02 5.621212121212122020e-02 2.328787878787878102e-02 5.621212121212122020e-02 2.328787878787878102e-02
5.701515151515151869e-02 2.248484848484847906e-02 5.701515151515151869e-02 2.248484848484847906e-02 5.701515151515151869e-02 2.248484848484847906e-02 5.701515151515151869e-02 2.248484848484847906e-02 5.701515151515151869e-02 2.248484848484847906e-02
5.781818181818182412e-02 2.168181818181818057e-02 5.781818181818182412e-02 2.168181818181818057e-02 5.781818181818182412e-02 2.168181818181818057e-02 5.781818181818182412e-02 2.168181818181818057e-02 5.781818181818182412e-02 2.168181818181818057e-02
5.862121212121212954e-02 2.087878787878787168e-02 5.862121212121212954e-02 2.087878787878787168e-02 5.862121212121212954e-02 2.087878787878787168e-02 5.862121212121212954e-02 2.087878787878787168e-02 5.862121212121212954e-02 2.087878787878787168e-02
5.942424242424242803e-02 2.007575757575757319e-02 5.942424242424242803e-02 2.007575757575757319e-02 5.942424242424242803e-02 2.007575757575757319e-02 5.942424242424242803e-02 2.007575757575757319e-02 5.942424242424242803e-02 2.007575757575757319e-02
6.022727272727273345e-02 1.927272727272726430e-02 6.022727272727273345e-02 1.927272727272726430e-02 6.022727272727273345e-02 1.927272727272726430e-02 6.022727272727273345e-02 1.927272727272726430e-02 6.022727272727273345e-02 1.927272727272726430e-02
6.103030303030303888e-02 1.846969696969696581e-02 6.103030303030303888e-02 1.846969696969696581e-02 6.103030303030303888e-02 1.846969696969696581e-02 6.103030303030303888e-02 1.846969696969696581e-02 6.103030303030303888e-02 1.846969696969696581e-02
6.183333333333333737e-02 1.766666666666666732e-02 6.183333333333333737e-02 1.766666666666666732e-02 6.183333333333333737e-02 1.766666666666666732e-02 6.183333333333333737e-02 1.766666666666666732e-02 6.183333333333333737e-02 1.766666666666666732e-02
6.263636363636364279e-02 1.686363636363635843e-02 6.263636363636364279e-02 1.686363636363635843e-02 6.263636363636364279e-02 1.686363636363635843e-02 6.263636363636364279e-02 1.686363636363635843e-02 6.263636363636364279e-02 1.686363636363635843e-02
6.343939393939394822e-02 1.606060606060605994e-02 6.343939393939394822e-02 1.606060606060605994e-02 6.343939393939394822e-02 1.606060606060605994e-02 6.343939393939394822e-02 1.606060606060605994e-02 6.343939393939394822e-02 1.606060606060605994e-02
6.424242424242425364e-02 1.525757575757574931e-02 6.424242424242425364e-02 1.525757575757574931e-02 6.424242424242425364e-02 1.525757575757574931e-02 6.424242424242425364e-02 1.525757575757574931e-02 6.424242424242425364e-02 1.525757575757574931e-02
6.504545454545454519e-02 1.445454545454545082e-02 6.504545454545454519e-02 1.445454545454545082e-02 6.504545454545454519e-02 1.445454545454545082e-02 6.504545454545454519e-02 1.445454545454545082e-02 6.504545454545454519e-02 1.445454545454545082e-02
6.584848484848486450e-02 1.365151515151514193e-02 6.584848484848486450e-02 1.365151515151514193e-02 6.584848484848486450e-02 1.365151515151514193e-02 6.584848484848486450e-02 1.365151515151514193e-02 6.584848484848486450e-02 1.365151515151514193e-02
6.665151515151515604e-02 1.284848484848484344e-02 6.665151515151515604e-02 1.284848484848484344e-02 6.665151515151515604e-02 1.284848484848484344e-02 6.665151515151515604e-02 1.284848484848484344e-02 6.665151515151515604e-02 1.284848484848484344e-02
6.745454545454546147e-02 1.204545454545454322e-02 6.745454545454546147e-02 1.204545454545454322e-02 6.745454545454546147e-02 1.204545454545454322e-02 6.745454545454546147e-02 1.204545454545454322e-02 6.745454545454546147e-02 1.204545454545454322e-02
6.825757575757576689e-02 1.124242424242423606e-02 6.825757575757576689e-02 1.124242424242423606e-02 6.825757575757576689e-02 1.124242424242423606e-02 6.825757575757576689e-02 1.124242424242423606e-02 6.825757575757576689e-02 1.124242424242423606e-02
6.906060606060605844e-02 1.043939393939393584e-02 6.906060606060605844e-02 1.043939393939393584e-02 6.906060606060605844e-02 1.043939393939393584e-02 6.906060606060605844e-02 1.043939393939393584e-02 6.906060606060605844e-02 1.043939393939393584e-02
6.986363636363637775e-02 9.636363636363628679e-03 6.986363636363637775e-02 9.636363636363628679e-03 6.986363636363637775e-02 9.636363636363628679e-03 6.986363636363637775e-02 9.636363636363628679e-03 6.986363636363637775e-02 9.636363636363628679e-03
7.066666666666666929e-02 8.833333333333328458e-03 7.066666666666666929e-02 8.833333333333328458e-03 7.066666666666666929e-02 8.833333333333328458e-03 7.066666666666666929e-02 8.833333333333328458e-03 7.066666666666666929e-02 8.833333333333328458e-03
7.146969696969697472e-02 8.030303030303019562e-03 7.146969696969697472e-02 8.030303030303019562e-03 7.146969696969697472e-02 8.030303030303019562e-03 7.146969696969697472e-02 8.030303030303019562e-03 7.146969696969697472e-02 8.030303030303019562e-03
7.227272727272728015e-02 7.227272727272721076e-03 7.227272727272728015e-02 7.227272727272721076e-03 7.227272727272728015e-02 7.227272727272721076e-03 7.227272727272728015e-02 7.227272727272721076e-03 7.227272727272728015e-02 7.227272727272721076e-03
7.307575757575758557e-02 6.424242424242421722e-03 7.307575757575758557e-02 6.424242424242421722e-03 7.307575757575758557e-02 6.424242424242421722e-03 7.307575757575758557e-02 6.424242424242421722e-03 7.307575757575758557e-02 6.424242424242421722e-03
7.387878787878789100e-02 5.621212121212113694e-03 7.387878787878789100e-02 5.621212121212113694e-03 7.387878787878789100e-02 5.621212121212113694e-03 7.387878787878789100e-02 5.621212121212113694e-03 7.387878787878789100e-02 5.621212121212113694e-03
7.468181818181818254e-02 4.818181818181814340e-03 7.468181818181818254e-02 4.818181818181814340e-03 7.468181818181818254e-02 4.818181818181814340e-03 7.468181818181818254e-02 4.818181818181814340e-03 7.468181818181818254e-02 4.818181818181814340e-03
7.548484848484850185e-02 4.015151515151505444e-03 7.548484848484850185e-02 4.015151515151505444e-03 7.548484848484850185e-02 4.015151515151505444e-03 7.548484848484850185e-02 4.015151515151505444e-03 7.548484848484850185e-02 4.015151515151505444e-03
7.628787878787879340e-02 3.212121212121206524e-03 7.628787878787879340e-02 3.212121212121206524e-03 7.628787878787879340e-02 3.212121212121206524e-03 7.628787878787879340e-02 3.212121212121206524e-03 7.628787878787879340e-02 3.212121212121206524e-03
7.709090909090909882e-02 2.409090909090907170e-03 7.709090909090909882e-02 2.409090909090907170e-03 7.709090909090909882e-02 2.409090909090907170e-03 7.709090909090909882e-02 2.409090909090907170e-03 7.709090909090909882e-02 2.409090909090907170e-03
7.789393939393940425e-02 1.606060606060598708e-03 7.789393939393940425e-02 1.606060606060598708e-03 7.789393939393940425e-02 1.606060606060598708e-03 7.789393939393940425e-02 1.606060606060598708e-03 7.789393939393940425e-02 1.606060606060598708e-03
7.869696969696969580e-02 8.030303030302993542e-04 7.869696969696969580e-02 8.030303030302993542e-04 7.869696969696969580e-02 8.030303030302993542e-04 7.869696969696969580e-02 8.030303030302993542e-04 7.869696969696969580e-02 8.030303030302993542e-04
7.950000000000000122e-02 0.000000000000000000e+00 7.950000000000000122e-02 0.000000000000000000e+00 7.950000000000000122e-02 0.000000000000000000e+00 7.950000000000000122e-02 0.000000000000000000e+00 7.950000000000000122e-02 0.000000000000000000e+00
