0.000000000000000000e+00 7.950000000000000122e-02 0.000000000000000000e+00 7.950000000000000122e-02 0.000000000000000000e+00 7.950000000000000122e-02 0.000000000000000000e+00 7.950000000000000122e-02 0.000000000000000000e+00 7.950000000000000122e-02
3.975000000000000126e-04 7.910250000000000614e-02 3.975000000000000126e-04 7.910250000000000614e-02 3.975000000000000126e-04 7.910250000000000614e-02 3.975000000000000126e-04 7.910250000000000614e-02 3.975000000000000126e-04 7.910250000000000614e-02
7.950000000000000252e-04 7.870499999999999718e-02 7.950000000000000252e-04 7.870499999999999718e-02 7.950000000000000252e-04 7.870499999999999718e-02 7.950000000000000252e-04 7.870499999999999718e-02 7.950000000000000252e-04 7.870499999999999718e-02
1.192499999999999984e-03 7.830750000000000210e-02 1.192499999999999984e-03 7.830750000000000210e-02 1.192499999999999984e-03 7.830750000000000210e-02 1.192499999999999984e-03 7.830750000000000210e-02 1.192499999999999984e-03 7.830750000000000210e-02
1.590000000000000050e-03 7.790999999999999315e-02 1.590000000000000050e-03 7.790999999999999315e-02 1.590000000000000050e-03 7.790999999999999315e-02 1.590000000000000050e-03 7.790999999999999315e-02 1.590000000000000050e-03 7.790999999999999315e-02
1.987500000000000117e-03 7.751249999999999807e-02 1.987500000000000117e-03 7.751249999999999807e-02 1.987500000000000117e-03 7.751249999999999807e-02 1.987500000000000117e-03 7.751249999999999807e-02 1.987500000000000117e-03 7.751249999999999807e-02
2.384999999999999967e-03 7.711500000000000299e-02 2.384999999999999967e-03 7.711500000000000299e-02 2.384999999999999967e-03 7.711500000000000299e-02 2.384999999999999967e-03 7.711500000000000299e-02 2.384999999999999967e-03 7.711500000000000299e-02
2.782500000000000251e-03 7.671749999999999403e-02 2.782500000000000251e-03 7.671749999999999403e-02 2.782500000000000251e-03 7.671749999999999403e-02 2.782500000000000251e-03 7.671749999999999403e-02 2.782500000000000251e-03 7.671749999999999403e-02
3.180000000000000101e-03 7.631999999999999895e-02 3.180000000000000101e-03 7.631999999999999895e-02 3.180000000000000101e-03 7.631999999999999895e-02 3.180000000000000101e-03 7.631999999999999895e-02 3.180000000000000101e-03 7.631999999999999895e-02
3.577499999999999951e-03 7.592250000000000387e-02 3.577499999999999951e-03 7.592250000000000387e-02 3.577499999999999951e-03 7.592250000000000387e-02 3.577499999999999951e-03 7.592250000000000387e-02 3.577499999999999951e-03 7.592250000000000387e-02
3.975000000000000235e-03 7.552499999999999492e-02 3.975000000000000235e-03 7.552499999999999492e-02 3.975000000000000235e-03 7.552499999999999492e-02 3.975000000000000235e-03 7.552499999999999492e-02 3.975000000000000235e-03 7.552499999999999492e-02
4.372500000000000518e-03 7.512749999999999984e-02 4.372500000000000518e-03 7.512749999999999984e-02 4.372500000000000518e-03 7.512749999999999984e-02 4.372500000000000518e-03 7.512749999999999984e-02 4.372500000000000518e-03 7.512749999999999984e-02
4.769999999999999934e-03 7.472999999999999088e-02 4.769999999999999934e-03 7.472999999999999088e-02 4.769999999999999934e-03 7.472999999999999088e-02 4.769999999999999934e-03 7.472999999999999088e-02 4.769999999999999934e-03 7.472999999999999088e-02
5.167500000000000218e-03 7.433250000000000968e-02 5.167500000000000218e-03 7.433250000000000968e-02 5.167500000000000218e-03 7.433250000000000968e-02 5.167500000000000218e-03 7.433250000000000968e-02 5.167500000000000218e-03 7.433250000000000968e-02
5.565000000000000502e-03 7.393500000000000072e-02 5.565000000000000502e-03 7.393500000000000072e-02 5.565000000000000502e-03 7.393500000000000072e-02 5.565000000000000502e-03 7.393500000000000072e-02 5.565000000000000502e-03 7.393500000000000072e-02
5.962499999999999918e-03 7.353750000000000564e-02 5.962499999999999918e-03 7.353750000000000564e-02 5.962499999999999918e-03 7.353750000000000564e-02 5.962499999999999918e-03 7.353750000000000564e-02 5.962499999999999918e-03 7.353750000000000564e-02
6.360000000000000202e-03 7.314000000000001056e-02 6.360000000000000202e-03 7.314000000000001056e-02 6.360000000000000202e-03 7.314000000000001056e-02 6.360000000000000202e-03 7.314000000000001056e-02 6.360000000000000202e-03 7.314000000000001056e-02
6.757500000000000485e-03 7.274250000000000160e-02 6.757500000000000485e-03 7.274250000000000160e-02 6.757500000000000485e-03 7.274250000000000160e-02 6.757500000000000485e-03 7.274250000000000160e-02 6.757500000000000485e-03 7.274250000000000160e-02
7.154999999999999902e-03 7.234500000000000652e-02 7.154999999999999902e-03 7.234500000000000652e-02 7.154999999999999902e-03 7.234500000000000652e-02 7.154999999999999902e-03 7.234500000000000652e-02 7.154999999999999902e-03 7.234500000000000652e-02
7.552500000000000185e-03 7.194749999999999757e-02 7.552500000000000185e-03 7.194749999999999757e-02 7.552500000000000185e-03 7.194749999999999757e-02 7.552500000000000185e-03 7.194749999999999757e-02 7.552500000000000185e-03 7.194749999999999757e-02
7.950000000000000469e-03 7.155000000000000249e-02 7.950000000000000469e-03 7.155000000000000249e-02 7.950000000000000469e-03 7.155000000000000249e-02 7.950000000000000469e-03 7.155000000000000249e-02 7.950000000000000469e-03 7.155000000000000249e-02
8.347499999999999018e-03 7.115250000000000741e-02 8.347499999999999018e-03 7.115250000000000741e-02 8.347499999999999018e-03 7.115250000000000741e-02 8.347499999999999018e-03 7.115250000000000741e-02 8.347499999999999018e-03 7.115250000000000741e-02
8.745000000000001036e-03 7.075499999999999845e-02 8.745000000000001036e-03 7.075499999999999845e-02 8.745000000000001036e-03 7.075499999999999845e-02 8.745000000000001036e-03 7.075499999999999845e-02 8.745000000000001036e-03 7.075499999999999845e-02
9.142500000000001320e-03 7.035750000000000337e-02 9.142500000000001320e-03 7.035750000000000337e-02 9.142500000000001320e-03 7.035750000000000337e-02 9.142500000000001320e-03 7.035750000000000337e-02 9.142500000000001320e-03 7.035750000000000337e-02
9.539999999999999869e-03 6.996000000000000829e-02 9.539999999999999869e-03 6.996000000000000829e-02 9.539999999999999869e-03 6.996000000000000829e-02 9.539999999999999869e-03 6.996000000000000829e-02 9.539999999999999869e-03 6.996000000000000829e-02
9.937500000000000153e-03 6.956249999999999933e-02 9.937500000000000153e-03 6.956249999999999933e-02 9.937500000000000153e-03 6.956249999999999933e-02 9.937500000000000153e-03 6.956249999999999933e-02 9.937500000000000153e-03 6.956249999999999933e-02
1.033500000000000044e-02 6.916500000000000425e-02 1.033500000000000044e-02 6.916500000000000425e-02 1.033500000000000044e-02 6.916500000000000425e-02 1.033500000000000044e-02 6.916500000000000425e-02 1.033500000000000044e-02 6.916500000000000425e-02
1.073250000000000072e-02 6.876749999999999530e-02 1.073250000000000072e-02 6.876749999999999530e-02 1.073250000000000072e-02 6.876749999999999530e-02 1.073250000000000072e-02 6.876749999999999530e-02 1.073250000000000072e-02 6.876749999999999530e-02
1.113000000000000100e-02 6.837000000000000022e-02 1.113000000000000100e-02 6.837000000000000022e-02 1.113000000000000100e-02 6.837000000000000022e-02 1.113000000000000100e-02 6.837000000000000022e-02 1.113000000000000100e-02 6.837000000000000022e-02
1.152749999999999955e-02 6.797250000000000514e-02 1.152749999999999955e-02 6.797250000000000514e-02 1.152749999999999955e-02 6.797250000000000514e-02 1.152749999999999955e-02 6.797250000000000514e-02 1.152749999999999955e-02 6.797250000000000514e-02
1.192499999999999984e-02 6.757499999999999618e-02 1.192499999999999984e-02 6.757499999999999618e-02 1.192499999999999984e-02 6.757499999999999618e-02 1.192499999999999984e-02 6.757499999999999618e-02 1.192499999999999984e-02 6.757499999999999618e-02
1.232250000000000012e-02 6.717750000000000110e-02 1.232250000000000012e-02 6.717750000000000110e-02 1.232250000000000012e-02 6.717750000000000110e-02 1.232250000000000012e-02 6.717750000000000110e-02 1.232250000000000012e-02 6.717750000000000110e-02
1.272000000000000040e-02 6.677999999999999214e-02 1.272000000000000040e-02 6.677999999999999214e-02 1.272000000000000040e-02 6.677999999999999214e-02 1.272000000000000040e-02 6.677999999999999214e-02 1.272000000000000040e-02 6.677999999999999214e-02
1.311750000000000069e-02 6.638249999999999706e-02 1.311750000000000069e-02 6.638249999999999706e-02 1.311750000000000069e-02 6.638249999999999706e-02 1.311750000000000069e-02 6.638249999999999706e-02 1.311750000000000069e-02 6.638249999999999706e-02
1.351500000000000097e-02 6.598500000000000199e-02 1.351500000000000097e-02 6.598500000000000199e-02 1.351500000000000097e-02 6.598500000000000199e-02 1.351500000000000097e-02 6.598500000000000199e-02 1.351500000000000097e-02 6.598500000000000199e-02
1.391250000000000125e-02 6.558749999999999303e-02 1.391250000000000125e-02 6.558749999999999303e-02 1.391250000000000125e-02 6.558749999999999303e-02 1.391250000000000125e-02 6.558749999999999303e-02 1.391250000000000125e-02 6.558749999999999303e-02
1.430999999999999980e-02 6.519000000000001183e-02 1.430999999999999980e-02 6.519000000000001183e-02 1.430999999999999980e-02 6.519000000000001183e-02 1.430999999999999980e-02 6.519000000000001183e-02 1.430999999999999980e-02 6.519000000000001183e-02
1.470750000000000009e-02 6.479250000000000287e-02 1.470750000000000009e-02 6.479250000000000287e-02 1.470750000000000009e-02 6.479250000000000287e-02 1.470750000000000009e-02 6.479250000000000287e-02 1.470750000000000009e-02 6.479250000000000287e-02
1.510500000000000037e-02 6.439500000000000779e-02 1.510500000000000037e-02 6.439500000000000779e-02 1.510500000000000037e-02 6.439500000000000779e-02 1.510500000000000037e-02 6.439500000000000779e-02 1.510500000000000037e-02 6.439500000000000779e-02
1.550250000000000065e-02 6.399749999999999883e-02 1.550250000000000065e-02 6.399749999999999883e-02 1.550250000000000065e-02 6.399749999999999883e-02 1.550250000000000065e-02 6.399749999999999883e-02 1.550250000000000065e-02 6.399749999999999883e-02
1.590000000000000094e-02 6.360000000000000375e-02 1.590000000000000094e-02 6.360000000000000375e-02 1.590000000000000094e-02 6.360000000000000375e-02 1.590000000000000094e-02 6.360000000000000375e-02 1.590000000000000094e-02 6.360000000000000375e-02
1.629750000000000296e-02 6.320249999999999480e-02 1.629750000000000296e-02 6.320249999999999480e-02 1.629750000000000296e-02 6.320249999999999480e-02 1.629750000000000296e-02 6.320249999999999480e-02 1.629750000000000296e-02 6.320249999999999480e-02
1.669499999999999804e-02 6.280499999999999972e-02 1.669499999999999804e-02 6.280499999999999972e-02 1.669499999999999804e-02 6.280499999999999972e-02 1.669499999999999804e-02 6.280499999999999972e-02 1.669499999999999804e-02 6.280499999999999972e-02
1.709250000000000005e-02 6.240750000000000464e-02 1.709250000000000005e-02 6.240750000000000464e-02 1.709250000000000005e-02 6.240750000000000464e-02 1.709250000000000005e-02 6.240750000000000464e-02 1.709250000000000005e-02 6.240750000000000464e-02
1.749000000000000207e-02 6.201000000000000262e-02 1.749000000000000207e-02 6.201000000000000262e-02 1.749000000000000207e-02 6.201000000000000262e-02 1.749000000000000207e-02 6.201000000000000262e-02 1.749000000000000207e-02 6.201000000000000262e-02
1.788750000000000062e-02 6.161250000000000060e-02 1.788750000000000062e-02 6.161250000000000060e-02 1.788750000000000062e-02 6.161250000000000060e-02 1.788750000000000062e-02 6.161250000000000060e-02 1.788750000000000062e-02 6.161250000000000060e-02
1.828500000000000264e-02 6.121500000000000552e-02 1.828500000000000264e-02 6.121500000000000552e-02 1.828500000000000264e-02 6.121500000000000552e-02 1.828500000000000264e-02 6.121500000000000552e-02 1.828500000000000264e-02 6.121500000000000552e-02
1.868250000000000119e-02 6.081750000000000350e-02 1.868250000000000119e-02 6.081750000000000350e-02 1.868250000000000119e-02 6.081750000000000350e-02 1.868250000000000119e-02 6.081750000000000350e-02 1.868250000000000119e-02 6.081750000000000350e-02
1.907999999999999974e-02 6.042000000000000148e-02 1.907999999999999974e-02 6.042000000000000148e-02 1.907999999999999974e-02 6.042000000000000148e-02 1.907999999999999974e-02 6.042000000000000148e-02 1.907999999999999974e-02 6.042000000000000148e-02
1.947749999999999829e-02 6.002249999999999946e-02 1.947749999999999829e-02 6.002249999999999946e-02 1.947749999999999829e-02 6.002249999999999946e-02 1.947749999999999829e-02 6.002249999999999946e-02 1.947749999999999829e-02 6.002249999999999946e-02
1.987500000000000031e-02 5.962499999999999745e-02 1.987500000000000031e-02 5.962499999999999745e-02 1.987500000000000031e-02 5.962499999999999745e-02 1.987500000000000031e-02 5.962499999999999745e-02 1.987500000000000031e-02 5.962499999999999745e-02
2.027250000000000232e-02 5.922750000000000237e-02 2.027250000000000232e-02 5.922750000000000237e-02 2.027250000000000232e-02 5.922750000000000237e-02 2.027250000000000232e-02 5.922750000000000237e-02 2.027250000000000232e-02 5.922750000000000237e-02
2.067000000000000087e-02 5.883000000000000035e-02 2.067000000000000087e-02 5.883000000000000035e-02 2.067000000000000087e-02 5.883000000000000035e-02 2.067000000000000087e-02 5.883000000000000035e-02 2.067000000000000087e-02 5.883000000000000035e-02
2.106750000000000289e-02 5.843249999999999833e-02 2.106750000000000289e-02 5.843249999999999833e-02 2.106750000000000289e-02 5.843249999999999833e-02 2.106750000000000289e-02 5.843249999999999833e-02 2.106750000000000289e-02 5.843249999999999833e-02
2.146500000000000144e-02 5.803499999999999631e-02 2.146500000000000144e-02 5.803499999999999631e-02 2.146500000000000144e-02 5.803499999999999631e-02 2.146500000000000144e-02 5.803499999999999631e-02 2.146500000000000144e-02 5.803499999999999631e-02
2.186250000000000346e-02 5.763750000000000123e-02 2.186250000000000346e-02 5.763750000000000123e-02 2.186250000000000346e-02 5.763750000000000123e-02 2.186250000000000346e-02 5.763750000000000123e-02 2.186250000000000346e-02 5.763750000000000123e-02
2.226000000000000201e-02 5.723999999999999921e-02 2.226000000000000201e-02 5.723999999999999921e-02 2.226000000000000201e-02 5.723999999999999921e-02 2.226000000000000201e-02 5.723999999999999921e-02 2.226000000000000201e-02 5.723999999999999921e-02
2.265750000000000403e-02 5.684249999999999720e-02 2.265750000000000403e-02 5.684249999999999720e-02 2.265750000000000403e-02 5.684249999999999720e-02 2.265750000000000403e-02 5.684249999999999720e-02 2.265750000000000403e-02 5.684249999999999720e-02
2.305499999999999911e-02 5.644499999999999518e-02 2.305499999999999911e-02 5.644499999999999518e-02 2.305499999999999911e-02 5.644499999999999518e-02 2.305499999999999911e-02 5.644499999999999518e-02 2.305499999999999911e-02 5.644499999999999518e-02
2.345249999999999765e-02 5.604750000000000704e-02 2.345249999999999765e-02 5.604750000000000704e-02 2.345249999999999765e-02 5.604750000000000704e-02 2.345249999999999765e-02 5.604750000000000704e-02 2.345249999999999765e-02 5.604750000000000704e-02
2.384999999999999967e-02 5.564999999999999808e-02 2.384999999999999967e-02 5.564999999999999808e-02 2.384999999999999967e-02 5.564999999999999808e-02 2.384999999999999967e-02 5.564999999999999808e-02 2.384999999999999967e-02 5.564999999999999808e-02
2.424749999999999822e-02 5.525250000000000300e-02 2.424749999999999822e-02 5.525250000000000300e-02 2.424749999999999822e-02 5.525250000000000300e-02 2.424749999999999822e-02 5.525250000000000300e-02 2.424749999999999822e-02 5.525250000000000300e-02
2.464500000000000024e-02 5.485499999999999404e-02 2.464500000000000024e-02 5.485499999999999404e-02 2.464500000000000024e-02 5.485499999999999404e-02 2.464500000000000024e-02 5.485499999999999404e-02 2.464500000000000024e-02 5.485499999999999404e-02
2.504250000000000226e-02 5.445750000000000590e-02 2.504250000000000226e-02 5.445750000000000590e-02 2.504250000000000226e-02 5.445750000000000590e-02 2.504250000000000226e-02 5.445750000000000590e-02 2.504250000000000226e-02 5.445750000000000590e-02
2.544000000000000081e-02 5.405999999999999694e-02 2.544000000000000081e-02 5.405999999999999694e-02 2.544000000000000081e-02 5.405999999999999694e-02 2.544000000000000081e-02 5.405999999999999694e-02 2.544000000000000081e-02 5.405999999999999694e-02
2.583750000000000283e-02 5.366250000000000187e-02 2.583750000000000283e-02 5.366250000000000187e-02 2.583750000000000283e-02 5.366250000000000187e-02 2.583750000000000283e-02 5.366250000000000187e-02 2.583750000000000283e-02 5.366250000000000187e-02
2.623500000000000137e-02 5.326499999999999291e-02 2.623500000000000137e-02 5.326499999999999291e-02 2.623500000000000137e-02 5.326499999999999291e-02 2.623500000000000137e-02 5.326499999999999291e-02 2.623500000000000137e-02 5.326499999999999291e-02
2.663250000000000339e-02 5.286750000000000477e-02 2.663250000000000339e-02 5.286750000000000477e-02 2.663250000000000339e-02 5.286750000000000477e-02 2.663250000000000339e-02 5.286750000000000477e-02 2.663250000000000339e-02 5.286750000000000477e-02
2.703000000000000194e-02 5.246999999999999581e-02 2.703000000000000194e-02 5.246999999999999581e-02 2.703000000000000194e-02 5.246999999999999581e-02 2.703000000000000194e-02 5.246999999999999581e-02 2.703000000000000194e-02 5.246999999999999581e-02
2.742750000000000396e-02 5.207250000000000073e-02 2.742750000000000396e-02 5.207250000000000073e-02 2.742750000000000396e-02 5.207250000000000073e-02 2.742750000000000396e-02 5.207250000000000073e-02 2.742750000000000396e-02 5.207250000000000073e-02
2.782500000000000251e-02 5.167499999999999177e-02 2.782500000000000251e-02 5.167499999999999177e-02 2.782500000000000251e-02 5.167499999999999177e-02 2.782500000000000251e-02 5.167499999999999177e-02 2.782500000000000251e-02 5.167499999999999177e-02
2.822249999999999759e-02 5.127750000000000363e-02 2.822249999999999759e-02 5.127750000000000363e-02 2.822249999999999759e-02 5.127750000000000363e-02 2.822249999999999759e-02 5.127750000000000363e-02 2.822249999999999759e-02 5.127750000000000363e-02
2.861999999999999961e-02 5.088000000000000161e-02 2.861999999999999961e-02 5.088000000000000161e-02 2.861999999999999961e-02 5.088000000000000161e-02 2.861999999999999961e-02 5.088000000000000161e-02 2.861999999999999961e-02 5.088000000000000161e-02
2.901749999999999816e-02 5.048249999999999960e-02 2.901749999999999816e-02 5.048249999999999960e-02 2.901749999999999816e-02 5.048249999999999960e-02 2.901749999999999816e-02 5.048249999999999960e-02 2.901749999999999816e-02 5.048249999999999960e-02
2.941500000000000017e-02 5.008500000000000452e-02 2.941500000000000017e-02 5.008500000000000452e-02 2.941500000000000017e-02 5.008500000000000452e-02 2.941500000000000017e-02 5.008500000000000452e-02 2.941500000000000017e-02 5.008500000000000452e-02
2.981249999999999872e-02 4.968750000000000250e-02 2.981249999999999872e-02 4.968750000000000250e-02 2.981249999999999872e-02 4.968750000000000250e-02 2.981249999999999872e-02 4.968750000000000250e-02 2.981249999999999872e-02 4.968750000000000250e-02
3.021000000000000074e-02 4.929000000000000048e-02 3.021000000000000074e-02 4.929000000000000048e-02 3.021000000000000074e-02 4.929000000000000048e-02 3.021000000000000074e-02 4.929000000000000048e-02 3.021000000000000074e-02 4.929000000000000048e-02
3.060750000000000276e-02 4.889249999999999846e-02 3.060750000000000276e-02 4.889249999999999846e-02 3.060750000000000276e-02 4.889249999999999846e-02 3.060750000000000276e-02 4.889249999999999846e-02 3.060750000000000276e-02 4.889249999999999846e-02
3.100500000000000131e-02 4.849499999999999644e-02 3.100500000000000131e-02 4.849499999999999644e-02 3.100500000000000131e-02 4.849499999999999644e-02 3.100500000000000131e-02 4.849499999999999644e-02 3.100500000000000131e-02 4.849499999999999644e-02
3.140249999999999986e-02 4.809750000000000136e-02 3.140249999999999986e-02 4.809750000000000136e-02 3.140249999999999986e-02 4.809750000000000136e-02 3.140249999999999986e-02 4.809750000000000136e-02 3.140249999999999986e-02 4.809750000000000136e-02
3.180000000000000188e-02 4.769999999999999934e-02 3.180000000000000188e-02 4.769999999999999934e-02 3.180000000000000188e-02 4.769999999999999934e-02 3.180000000000000188e-02 4.769999999999999934e-02 3.180000000000000188e-02 4.769999999999999934e-02
3.219750000000000389e-02 4.730249999999999733e-02 3.219750000000000389e-02 4.730249999999999733e-02 3.219750000000000389e-02 4.730249999999999733e-02 3.219750000000000389e-02 4.730249999999999733e-02 3.219750000000000389e-02 4.730249999999999733e-02
3.259500000000000591e-02 4.690499999999999531e-02 3.259500000000000591e-02 4.690499999999999531e-02 3.259500000000000591e-02 4.690499999999999531e-02 3.259500000000000591e-02 4.690499999999999531e-02 3.259500000000000591e-02 4.690499999999999531e-02
3.299250000000000099e-02 4.650750000000000023e-02 3.299250000000000099e-02 4.650750000000000023e-02 3.299250000000000099e-02 4.650750000000000023e-02 3.299250000000000099e-02 4.650750000000000023e-02 3.299250000000000099e-02 4.650750000000000023e-02
3.338999999999999607e-02 4.611000000000000515e-02 3.338999999999999607e-02 4.611000000000000515e-02 3.338999999999999607e-02 4.611000000000000515e-02 3.338999999999999607e-02 4.611000000000000515e-02 3.338999999999999607e-02 4.611000000000000515e-02
3.378749999999999809e-02 4.571249999999999619e-02 3.378749999999999809e-02 4.571249999999999619e-02 3.378749999999999809e-02 4.571249999999999619e-02 3.378749999999999809e-02 4.571249999999999619e-02 3.378749999999999809e-02 4.571249999999999619e-02
3.418500000000000011e-02 4.531500000000000805e-02 3.418500000000000011e-02 4.531500000000000805e-02 3.418500000000000011e-02 4.531500000000000805e-02 3.418500000000000011e-02 4.531500000000000805e-02 3.418500000000000011e-02 4.531500000000000805e-02
3.458250000000000213e-02 4.491749999999999909e-02 3.458250000000000213e-02 4.491749999999999909e-02 3.458250000000000213e-02 4.491749999999999909e-02 3.458250000000000213e-02 4.491749999999999909e-02 3.458250000000000213e-02 4.491749999999999909e-02
3.498000000000000415e-02 4.452000000000000401e-02 3.498000000000000415e-02 4.452000000000000401e-02 3.498000000000000415e-02 4.452000000000000401e-02 3.498000000000000415e-02 4.452000000000000401e-02 3.498000000000000415e-02 4.452000000000000401e-02
3.537749999999999923e-02 4.412249999999999506e-02 3.537749999999999923e-02 4.412249999999999506e-02 3.537749999999999923e-02 4.412249999999999506e-02 3.537749999999999923e-02 4.412249999999999506e-02 3.537749999999999923e-02 4.412249999999999506e-02
3.577500000000000124e-02 4.372500000000000692e-02 3.577500000000000124e-02 4.372500000000000692e-02 3.577500000000000124e-02 4.372500000000000692e-02 3.577500000000000124e-02 4.372500000000000692e-02 3.577500000000000124e-02 4.372500000000000692e-02
3.617250000000000326e-02 4.332749999999999796e-02 3.617250000000000326e-02 4.332749999999999796e-02 3.617250000000000326e-02 4.332749999999999796e-02 3.617250000000000326e-02 4.332749999999999796e-02 3.617250000000000326e-02 4.332749999999999796e-02
3.657000000000000528e-02 4.293000000000000288e-02 3.657000000000000528e-02 4.293000000000000288e-02 3.657000000000000528e-02 4.293000000000000288e-02 3.657000000000000528e-02 4.293000000000000288e-02 3.657000000000000528e-02 4.293000000000000288e-02
3.696750000000000036e-02 4.253249999999999392e-02 3.696750000000000036e-02 4.253249999999999392e-02 3.696750000000000036e-02 4.253249999999999392e-02 3.696750000000000036e-02 4.253249999999999392e-02 3.696750000000000036e-02 4.253249999999999392e-02
3.736500000000000238e-02 4.213500000000000578e-02 3.736500000000000238e-02 4.213500000000000578e-02 3.736500000000000238e-02 4.213500000000000578e-02 3.736500000000000238e-02 4.213500000000000578e-02 3.736500000000000238e-02 4.213500000000000578e-02
3.776250000000000440e-02 4.173749999999999682e-02 3.776250000000000440e-02 4.173749999999999682e-02 3.776250000000000440e-02 4.173749999999999682e-02 3.776250000000000440e-02 4.173749999999999682e-02 3.776250000000000440e-02 4.173749999999999682e-02
3.815999999999999948e-02 4.134000000000000175e-02 3.815999999999999948e-02 4.134000000000000175e-02 3.815999999999999948e-02 4.134000000000000175e-02 3.815999999999999948e-02 4.134000000000000175e-02 3.815999999999999948e-02 4.134000000000000175e-02
3.855750000000000149e-02 4.094249999999999973e-02 3.855750000000000149e-02 4.094249999999999973e-02 3.855750000000000149e-02 4.094249999999999973e-02 3.855750000000000149e-02 4.094249999999999973e-02 3.855750000000000149e-02 4.094249999999999973e-02
3.895499999999999657e-02 4.054500000000000465e-02 3.895499999999999657e-02 4.054500000000000465e-02 3.895499999999999657e-02 4.054500000000000465e-02 3.895499999999999657e-02 4.054500000000000465e-02 3.895499999999999657e-02 4.054500000000000465e-02
3.935249999999999859e-02 4.014750000000000263e-02 3.935249999999999859e-02 4.014750000000000263e-02 3.935249999999999859e-02 4.014750000000000263e-02 3.935249999999999859e-02 4.014750000000000263e-02 3.935249999999999859e-02 4.014750000000000263e-02
3.975000000000000061e-02 3.975000000000000061e-02 3.975000000000000061e-02 3.975000000000000061e-02 3.975000000000000061e-02 3.975000000000000061e-02 3.975000000000000061e-02 3.975000000000000061e-02 3.975000000000000061e-02 3.975000000000000061e-02
4.014750000000000263e-02 3.935249999999999859e-02 4.014750000000000263e-02 3.935249999999999859e-02 4.014750000000000263e-02 3.935249999999999859e-02 4.014750000000000263e-02 3.935249999999999859e-02 4.014750000000000263e-02 3.935249999999999859e-02
4.054500000000000465e-02 3.895499999999999657e-02 4.054500000000000465e-02 3.895499999999999657e-02 4.054500000000000465e-02 3.895499999999999657e-02 4.054500000000000465e-02 3.895499999999999657e-02 4.054500000000000465e-02 3.895499999999999657e-02
4.094249999999999973e-02 3.855750000000000149e-02 4.094249999999999973e-02 3.855750000000000149e-02 4.094249999999999973e-02 3.855750000000000149e-02 4.094249999999999973e-02 3.855750000000000149e-02 4.094249999999999973e-02 3.855750000000000149e-02
4.134000000000000175e-02 3.815999999999999948e-02 4.134000000000000175e-02 3.815999999999999948e-02 4.134000000000000175e-02 3.815999999999999948e-02 4.134000000000000175e-02 3.815999999999999948e-02 4.134000000000000175e-02 3.815999999999999948e-02
4.173750000000000376e-02 3.776249999999999746e-02 4.173750000000000376e-02 3.776249999999999746e-02 4.173750000000000376e-02 3.776249999999999746e-02 4.173750000000000376e-02 3.776249999999999746e-02 4.173750000000000376e-02 3.776249999999999746e-02
4.213500000000000578e-02 3.736499999999999544e-02 4.213500000000000578e-02 3.736499999999999544e-02 4.213500000000000578e-02 3.736499999999999544e-02 4.213500000000000578e-02 3.736499999999999544e-02 4.213500000000000578e-02 3.736499999999999544e-02
4.253250000000000086e-02 3.696750000000000036e-02 4.253250000000000086e-02 3.696750000000000036e-02 4.253250000000000086e-02 3.696750000000000036e-02 4.253250000000000086e-02 3.696750000000000036e-02 4.253250000000000086e-02 3.696750000000000036e-02
4.293000000000000288e-02 3.656999999999999834e-02 4.293000000000000288e-02 3.656999999999999834e-02 4.293000000000000288e-02 3.656999999999999834e-02 4.293000000000000288e-02 3.656999999999999834e-02 4.293000000000000288e-02 3.656999999999999834e-02
4.332750000000000490e-02 3.617249999999999632e-02 4.332750000000000490e-02 3.617249999999999632e-02 4.332750000000000490e-02 3.617249999999999632e-02 4.332750000000000490e-02 3.617249999999999632e-02 4.332750000000000490e-02 3.617249999999999632e-02
4.372500000000000692e-02 3.577499999999999430e-02 4.372500000000000692e-02 3.577499999999999430e-02 4.372500000000000692e-02 3.577499999999999430e-02 4.372500000000000692e-02 3.577499999999999430e-02 4.372500000000000692e-02 3.577499999999999430e-02
4.412250000000000200e-02 3.537749999999999923e-02 4.412250000000000200e-02 3.537749999999999923e-02 4.412250000000000200e-02 3.537749999999999923e-02 4.412250000000000200e-02 3.537749999999999923e-02 4.412250000000000200e-02 3.537749999999999923e-02
4.452000000000000401e-02 3.497999999999999721e-02 4.452000000000000401e-02 3.497999999999999721e-02 4.452000000000000401e-02 3.497999999999999721e-02 4.452000000000000401e-02 3.497999999999999721e-02 4.452000000000000401e-02 3.497999999999999721e-02
4.491750000000000603e-02 3.458249999999999519e-02 4.491750000000000603e-02 3.458249999999999519e-02 4.491750000000000603e-02 3.458249999999999519e-02 4.491750000000000603e-02 3.458249999999999519e-02 4.491750000000000603e-02 3.458249999999999519e-02
4.531500000000000805e-02 3.418499999999999317e-02 4.531500000000000805e-02 3.418499999999999317e-02 4.531500000000000805e-02 3.418499999999999317e-02 4.531500000000000805e-02 3.418499999999999317e-02 4.531500000000000805e-02 3.418499999999999317e-02
4.571250000000000313e-02 3.378749999999999809e-02 4.571250000000000313e-02 3.378749999999999809e-02 4.571250000000000313e-02 3.378749999999999809e-02 4.571250000000000313e-02 3.378749999999999809e-02 4.571250000000000313e-02 3.378749999999999809e-02
4.610999999999999821e-02 3.339000000000000301e-02 4.610999999999999821e-02 3.339000000000000301e-02 4.610999999999999821e-02 3.339000000000000301e-02 4.610999999999999821e-02 3.339000000000000301e-02 4.610999999999999821e-02 3.339000000000000301e-02
4.650750000000000023e-02 3.299250000000000099e-02 4.650750000000000023e-02 3.299250000000000099e-02 4.650750000000000023e-02 3.299250000000000099e-02 4.650750000000000023e-02 3.299250000000000099e-02 4.650750000000000023e-02 3.299250000000000099e-02
4.690499999999999531e-02 3.259500000000000591e-02 4.690499999999999531e-02 3.259500000000000591e-02 4.690499999999999531e-02 3.259500000000000591e-02 4.690499999999999531e-02 3.259500000000000591e-02 4.690499999999999531e-02 3.259500000000000591e-02
4.730249999999999733e-02 3.219750000000000389e-02 4.730249999999999733e-02 3.219750000000000389e-02 4.730249999999999733e-02 3.219750000000000389e-02 4.730249999999999733e-02 3.219750000000000389e-02 4.730249999999999733e-02 3.219750000000000389e-02
4.769999999999999934e-02 3.180000000000000188e-02 4.769999999999999934e-02 3.180000000000000188e-02 4.769999999999999934e-02 3.180000000000000188e-02 4.769999999999999934e-02 3.180000000000000188e-02 4.769999999999999934e-02 3.180000000000000188e-02
4.809750000000000136e-02 3.140249999999999986e-02 4.809750000000000136e-02 3.140249999999999986e-02 4.809750000000000136e-02 3.140249999999999986e-02 4.809750000000000136e-02 3.140249999999999986e-02 4.809750000000000136e-02 3.140249999999999986e-02
4.849499999999999644e-02 3.100500000000000131e-02 4.849499999999999644e-02 3.100500000000000131e-02 4.849499999999999644e-02 3.100500000000000131e-02 4.849499999999999644e-02 3.100500000000000131e-02 4.849499999999999644e-02 3.100500000000000131e-02
4.889249999999999846e-02 3.060750000000000276e-02 4.889249999999999846e-02 3.060750000000000276e-02 4.889249999999999846e-02 3.060750000000000276e-02 4.889249999999999846e-02 3.060750000000000276e-02 4.889249999999999846e-02 3.060750000000000276e-02
4.929000000000000048e-02 3.021000000000000074e-02 4.929000000000000048e-02 3.021000000000000074e-02 4.929000000000000048e-02 3.021000000000000074e-02 4.929000000000000048e-02 3.021000000000000074e-02 4.929000000000000048e-02 3.021000000000000074e-02
4.968750000000000250e-02 2.981249999999999872e-02 4.968750000000000250e-02 2.981249999999999872e-02 4.968750000000000250e-02 2.981249999999999872e-02 4.968750000000000250e-02 2.981249999999999872e-02 4.968750000000000250e-02 2.981249999999999872e-02
5.008500000000000452e-02 2.941500000000000017e-02 5.008500000000000452e-02 2.941500000000000017e-02 5.008500000000000452e-02 2.941500000000000017e-02 5.008500000000000452e-02 2.941500000000000017e-02 5.008500000000000452e-02 2.941500000000000017e-02
5.048249999999999960e-02 2.901749999999999816e-02 5.048249999999999960e-02 2.901749999999999816e-02 5.048249999999999960e-02 2.901749999999999816e-02 5.048249999999999960e-02 2.901749999999999816e-02 5.048249999999999960e-02 2.901749999999999816e-02
5.088000000000000161e-02 2.861999999999999961e-02 5.088000000000000161e-02 2.861999999999999961e-02 5.088000000000000161e-02 2.861999999999999961e-02 5.088000000000000161e-02 2.861999999999999961e-02 5.088000000000000161e-02 2.861999999999999961e-02
5.127750000000000363e-02 2.822249999999999759e-02 5.127750000000000363e-02 2.822249999999999759e-02 5.127750000000000363e-02 2.822249999999999759e-02 5.127750000000000363e-02 2.822249999999999759e-02 5.127750000000000363e-02 2.822249999999999759e-02
5.167500000000000565e-02 2.782499999999999904e-02 5.167500000000000565e-02 2.782499999999999904e-02 5.167500000000000565e-02 2.782499999999999904e-02 5.167500000000000565e-02 2.782499999999999904e-02 5.167500000000000565e-02 2.782499999999999904e-02
5.207250000000000073e-02 2.742749999999999702e-02 5.207250000000000073e-02 2.742749999999999702e-02 5.207250000000000073e-02 2.742749999999999702e-02 5.207250000000000073e-02 2.742749999999999702e-02 5.207250000000000073e-02 2.742749999999999702e-02
5.247000000000000275e-02 2.702999999999999847e-02 5.247000000000000275e-02 2.702999999999999847e-02 5.247000000000000275e-02 2.702999999999999847e-02 5.247000000000000275e-02 2.702999999999999847e-02 5.247000000000000275e-02 2.702999999999999847e-02
5.286750000000000477e-02 2.663249999999999645e-02 5.286750000000000477e-02 2.663249999999999645e-02 5.286750000000000477e-02 2.663249999999999645e-02 5.286750000000000477e-02 2.663249999999999645e-02 5.286750000000000477e-02 2.663249999999999645e-02
5.326500000000000679e-02 2.623499999999999791e-02 5.326500000000000679e-02 2.623499999999999791e-02 5.326500000000000679e-02 2.623499999999999791e-02 5.326500000000000679e-02 2.623499999999999791e-02 5.326500000000000679e-02 2.623499999999999791e-02
5.366250000000000187e-02 2.583749999999999589e-02 5.366250000000000187e-02 2.583749999999999589e-02 5.366250000000000187e-02 2.583749999999999589e-02 5.366250000000000187e-02 2.583749999999999589e-02 5.366250000000000187e-02 2.583749999999999589e-02
5.406000000000000388e-02 2.543999999999999734e-02 5.406000000000000388e-02 2.543999999999999734e-02 5.406000000000000388e-02 2.543999999999999734e-02 5.406000000000000388e-02 2.543999999999999734e-02 5.406000000000000388e-02 2.543999999999999734e-02
5.445750000000000590e-02 2.504249999999999532e-02 5.445750000000000590e-02 2.504249999999999532e-02 5.445750000000000590e-02 2.504249999999999532e-02 5.445750000000000590e-02 2.504249999999999532e-02 5.445750000000000590e-02 2.504249999999999532e-02
5.485500000000000792e-02 2.464499999999999677e-02 5.485500000000000792e-02 2.464499999999999677e-02 5.485500000000000792e-02 2.464499999999999677e-02 5.485500000000000792e-02 2.464499999999999677e-02 5.485500000000000792e-02 2.464499999999999677e-02
5.525250000000000300e-02 2.424749999999999475e-02 5.525250000000000300e-02 2.424749999999999475e-02 5.525250000000000300e-02 2.424749999999999475e-02 5.525250000000000300e-02 2.424749999999999475e-02 5.525250000000000300e-02 2.424749999999999475e-02
5.565000000000000502e-02 2.384999999999999620e-02 5.565000000000000502e-02 2.384999999999999620e-02 5.565000000000000502e-02 2.384999999999999620e-02 5.565000000000000502e-02 2.384999999999999620e-02 5.565000000000000502e-02 2.384999999999999620e-02
5.604750000000000010e-02 2.345250000000000459e-02 5.604750000000000010e-02 2.345250000000000459e-02 5.604750000000000010e-02 2.345250000000000459e-02 5.604750000000000010e-02 2.345250000000000459e-02 5.604750000000000010e-02 2.345250000000000459e-02
5.644499999999999518e-02 2.305500000000000257e-02 5.644499999999999518e-02 2.305500000000000257e-02 5.644499999999999518e-02 2.305500000000000257e-02 5.644499999999999518e-02 2.305500000000000257e-02 5.644499999999999518e-02 2.305500000000000257e-02
5.684249999999999720e-02 2.265750000000000403e-02 5.684249999999999720e-02 2.265750000000000403e-02 5.684249999999999720e-02 2.265750000000000403e-02 5.684249999999999720e-02 2.265750000000000403e-02 5.684249999999999720e-02 2.265750000000000403e-02
5.723999999999999921e-02 2.226000000000000201e-02 5.723999999999999921e-02 2.226000000000000201e-02 5.723999999999999921e-02 2.226000000000000201e-02 5.723999999999999921e-02 2.226000000000000201e-02 5.723999999999999921e-02 2.226000000000000201e-02
5.763750000000000123e-02 2.186250000000000346e-02 5.763750000000000123e-02 2.186250000000000346e-02 5.763750000000000123e-02 2.186250000000000346e-02 5.763750000000000123e-02 2.186250000000000346e-02 5.763750000000000123e-02 2.186250000000000346e-02
5.803499999999999631e-02 2.146500000000000144e-02 5.803499999999999631e-02 2.146500000000000144e-02 5.803499999999999631e-02 2.146500000000000144e-02 5.803499999999999631e-02 2.146500000000000144e-02 5.803499999999999631e-02 2.146500000000000144e-02
5.843249999999999833e-02 2.106750000000000289e-02 5.843249999999999833e-02 2.106750000000000289e-02 5.843249999999999833e-02 2.106750000000000289e-02 5.843249999999999833e-02 2.106750000000000289e-02 5.843249999999999833e-02 2.106750000000000289e-02
5.883000000000000035e-02 2.067000000000000087e-02 5.883000000000000035e-02 2.067000000000000087e-02 5.883000000000000035e-02 2.067000000000000087e-02 5.883000000000000035e-02 2.067000000000000087e-02 5.883000000000000035e-02 2.067000000000000087e-02
5.922750000000000237e-02 2.027250000000000232e-02 5.922750000000000237e-02 2.027250000000000232e-02 5.922750000000000237e-02 2.027250000000000232e-02 5.922750000000000237e-02 2.027250000000000232e-02 5.922750000000000237e-02 2.027250000000000232e-02
5.962499999999999745e-02 1.987500000000000031e-02 5.962499999999999745e-02 1.987500000000000031e-02 5.962499999999999745e-02 1.987500000000000031e-02 5.962499999999999745e-02 1.987500000000000031e-02 5.962499999999999745e-02 1.987500000000000031e-02
6.002249999999999946e-02 1.947749999999999829e-02 6.002249999999999946e-02 1.947749999999999829e-02 6.002249999999999946e-02 1.947749999999999829e-02 6.002249999999999946e-02 1.947749999999999829e-02 6.002249999999999946e-02 1.947749999999999829e-02
6.042000000000000148e-02 1.907999999999999974e-02 6.042000000000000148e-02 1.907999999999999974e-02 6.042000000000000148e-02 1.907999999999999974e-02 6.042000000000000148e-02 1.907999999999999974e-02 6.042000000000000148e-02 1.907999999999999974e-02
6.081750000000000350e-02 1.868249999999999772e-02 6.081750000000000350e-02 1.868249999999999772e-02 6.081750000000000350e-02 1.868249999999999772e-02 6.081750000000000350e-02 1.868249999999999772e-02 6.081750000000000350e-02 1.868249999999999772e-02
6.121500000000000552e-02 1.828499999999999917e-02 6.121500000000000552e-02 1.828499999999999917e-02 6.121500000000000552e-02 1.828499999999999917e-02 6.121500000000000552e-02 1.828499999999999917e-02 6.121500000000000552e-02 1.828499999999999917e-02
6.161250000000000060e-02 1.788749999999999715e-02 6.161250000000000060e-02 1.788749999999999715e-02 6.161250000000000060e-02 1.788749999999999715e-02 6.161250000000000060e-02 1.788749999999999715e-02 6.161250000000000060e-02 1.788749999999999715e-02
6.201000000000000262e-02 1.748999999999999860e-02 6.201000000000000262e-02 1.748999999999999860e-02 6.201000000000000262e-02 1.748999999999999860e-02 6.201000000000000262e-02 1.748999999999999860e-02 6.201000000000000262e-02 1.748999999999999860e-02
6.240750000000000464e-02 1.709249999999999658e-02 6.240750000000000464e-02 1.709249999999999658e-02 6.240750000000000464e-02 1.709249999999999658e-02 6.240750000000000464e-02 1.709249999999999658e-02 6.240750000000000464e-02 1.709249999999999658e-02
6.280499999999999972e-02 1.669499999999999804e-02 6.280499999999999972e-02 1.669499999999999804e-02 6.280499999999999972e-02 1.669499999999999804e-02 6.280499999999999972e-02 1.669499999999999804e-02 6.280499999999999972e-02 1.669499999999999804e-02
6.320250000000000867e-02 1.629749999999999602e-02 6.320250000000000867e-02 1.629749999999999602e-02 6.320250000000000867e-02 1.629749999999999602e-02 6.320250000000000867e-02 1.629749999999999602e-02 6.320250000000000867e-02 1.629749999999999602e-02
6.360000000000000375e-02 1.589999999999999747e-02 6.360000000000000375e-02 1.589999999999999747e-02 6.360000000000000375e-02 1.589999999999999747e-02 6.360000000000000375e-02 1.589999999999999747e-02 6.360000000000000375e-02 1.589999999999999747e-02
6.399749999999999883e-02 1.550249999999999719e-02 6.399749999999999883e-02 1.550249999999999719e-02 6.399749999999999883e-02 1.550249999999999719e-02 6.399749999999999883e-02 1.550249999999999719e-02 6.399749999999999883e-02 1.550249999999999719e-02
6.439500000000000779e-02 1.510499999999999517e-02 6.439500000000000779e-02 1.510499999999999517e-02 6.439500000000000779e-02 1.510499999999999517e-02 6.439500000000000779e-02 1.510499999999999517e-02 6.439500000000000779e-02 1.510499999999999517e-02
6.479250000000000287e-02 1.470749999999999488e-02 6.479250000000000287e-02 1.470749999999999488e-02 6.479250000000000287e-02 1.470749999999999488e-02 6.479250000000000287e-02 1.470749999999999488e-02 6.479250000000000287e-02 1.470749999999999488e-02
6.519000000000001183e-02 1.430999999999999460e-02 6.519000000000001183e-02 1.430999999999999460e-02 6.519000000000001183e-02 1.430999999999999460e-02 6.519000000000001183e-02 1.430999999999999460e-02 6.519000000000001183e-02 1.430999999999999460e-02
6.558750000000000691e-02 1.391249999999999432e-02 6.558750000000000691e-02 1.391249999999999432e-02 6.558750000000000691e-02 1.391249999999999432e-02 6.558750000000000691e-02 1.391249999999999432e-02 6.558750000000000691e-02 1.391249999999999432e-02
6.598500000000000199e-02 1.351499999999999403e-02 6.598500000000000199e-02 1.351499999999999403e-02 6.598500000000000199e-02 1.351499999999999403e-02 6.598500000000000199e-02 1.351499999999999403e-02 6.598500000000000199e-02 1.351499999999999403e-02
6.638249999999999706e-02 1.311750000000000242e-02 6.638249999999999706e-02 1.311750000000000242e-02 6.638249999999999706e-02 1.311750000000000242e-02 6.638249999999999706e-02 1.311750000000000242e-02 6.638249999999999706e-02 1.311750000000000242e-02
6.677999999999999214e-02 1.272000000000000214e-02 6.677999999999999214e-02 1.272000000000000214e-02 6.677999999999999214e-02 1.272000000000000214e-02 6.677999999999999214e-02 1.272000000000000214e-02 6.677999999999999214e-02 1.272000000000000214e-02
6.717750000000000110e-02 1.232250000000000185e-02 6.717750000000000110e-02 1.232250000000000185e-02 6.717750000000000110e-02 1.232250000000000185e-02 6.717750000000000110e-02 1.232250000000000185e-02 6.717750000000000110e-02 1.232250000000000185e-02
6.757499999999999618e-02 1.192500000000000157e-02 6.757499999999999618e-02 1.192500000000000157e-02 6.757499999999999618e-02 1.192500000000000157e-02 6.757499999999999618e-02 1.192500000000000157e-02 6.757499999999999618e-02 1.192500000000000157e-02
6.797250000000000514e-02 1.152750000000000129e-02 6.797250000000000514e-02 1.152750000000000129e-02 6.797250000000000514e-02 1.152750000000000129e-02 6.797250000000000514e-02 1.152750000000000129e-02 6.797250000000000514e-02 1.152750000000000129e-02
6.837000000000000022e-02 1.113000000000000100e-02 6.837000000000000022e-02 1.113000000000000100e-02 6.837000000000000022e-02 1.113000000000000100e-02 6.837000000000000022e-02 1.113000000000000100e-02 6.837000000000000022e-02 1.113000000000000100e-02
6.876749999999999530e-02 1.073250000000000072e-02 6.876749999999999530e-02 1.073250000000000072e-02 6.876749999999999530e-02 1.073250000000000072e-02 6.876749999999999530e-02 1.073250000000000072e-02 6.876749999999999530e-02 1.073250000000000072e-02
6.916500000000000425e-02 1.033500000000000044e-02 6.916500000000000425e-02 1.033500000000000044e-02 6.916500000000000425e-02 1.033500000000000044e-02 6.916500000000000425e-02 1.033500000000000044e-02 6.916500000000000425e-02 1.033500000000000044e-02
6.956249999999999933e-02 9.937500000000000153e-03 6.956249999999999933e-02 9.937500000000000153e-03 6.956249999999999933e-02 9.937500000000000153e-03 6.956249999999999933e-02 9.937500000000000153e-03 6.956249999999999933e-02 9.937500000000000153e-03
6.996000000000000829e-02 9.539999999999999869e-03 6.996000000000000829e-02 9.539999999999999869e-03 6.996000000000000829e-02 9.539999999999999869e-03 6.996000000000000829e-02 9.539999999999999869e-03 6.996000000000000829e-02 9.539999999999999869e-03
7.035750000000000337e-02 9.142499999999999585e-03 7.035750000000000337e-02 9.142499999999999585e-03 7.035750000000000337e-02 9.142499999999999585e-03 7.035750000000000337e-02 9.142499999999999585e-03 7.035750000000000337e-02 9.142499999999999585e-03
7.075499999999999845e-02 8.744999999999999302e-03 7.075499999999999845e-02 8.744999999999999302e-03 7.075499999999999845e-02 8.744999999999999302e-03 7.075499999999999845e-02 8.744999999999999302e-03 7.075499999999999845e-02 8.744999999999999302e-03
7.115250000000000741e-02 8.347499999999999018e-03 7.115250000000000741e-02 8.347499999999999018e-03 7.115250000000000741e-02 8.347499999999999018e-03 7.115250000000000741e-02 8.347499999999999018e-03 7.115250000000000741e-02 8.347499999999999018e-03
7.155000000000000249e-02 7.949999999999998734e-03 7.155000000000000249e-02 7.949999999999998734e-03 7.155000000000000249e-02 7.949999999999998734e-03 7.155000000000000249e-02 7.949999999999998734e-03 7.155000000000000249e-02 7.949999999999998734e-03
7.194749999999999757e-02 7.552499999999997583e-03 7.194749999999999757e-02 7.552499999999997583e-03 7.194749999999999757e-02 7.552499999999997583e-03 7.194749999999999757e-02 7.552499999999997583e-03 7.194749999999999757e-02 7.552499999999997583e-03
7.234500000000000652e-02 7.154999999999997300e-03 7.234500000000000652e-02 7.154999999999997300e-03 7.234500000000000652e-02 7.154999999999997300e-03 7.234500000000000652e-02 7.154999999999997300e-03 7.234500000000000652e-02 7.154999999999997300e-03
7.274250000000000160e-02 6.757499999999997016e-03 7.274250000000000160e-02 6.757499999999997016e-03 7.274250000000000160e-02 6.757499999999997016e-03 7.274250000000000160e-02 6.757499999999997016e-03 7.274250000000000160e-02 6.757499999999997016e-03
7.314000000000001056e-02 6.359999999999996732e-03 7.314000000000001056e-02 6.359999999999996732e-03 7.314000000000001056e-02 6.359999999999996732e-03 7.314000000000001056e-02 6.359999999999996732e-03 7.314000000000001056e-02 6.359999999999996732e-03
7.353750000000000564e-02 5.962499999999996449e-03 7.353750000000000564e-02 5.962499999999996449e-03 7.353750000000000564e-02 5.962499999999996449e-03 7.353750000000000564e-02 5.962499999999996449e-03 7.353750000000000564e-02 5.962499999999996449e-03
7.393500000000000072e-02 5.564999999999996165e-03 7.393500000000000072e-02 5.564999999999996165e-03 7.393500000000000072e-02 5.564999999999996165e-03 7.393500000000000072e-02 5.564999999999996165e-03 7.393500000000000072e-02 5.564999999999996165e-03
7.433250000000000968e-02 5.167499999999995881e-03 7.433250000000000968e-02 5.167499999999995881e-03 7.433250000000000968e-02 5.167499999999995881e-03 7.433250000000000968e-02 5.167499999999995881e-03 7.433250000000000968e-02 5.167499999999995881e-03
7.473000000000000476e-02 4.769999999999995598e-03 7.473000000000000476e-02 4.769999999999995598e-03 7.473000000000000476e-02 4.769999999999995598e-03 7.473000000000000476e-02 4.769999999999995598e-03 7.473000000000000476e-02 4.769999999999995598e-03
7.512749999999999984e-02 4.372499999999995314e-03 7.512749999999999984e-02 4.372499999999995314e-03 7.512749999999999984e-02 4.372499999999995314e-03 7.512749999999999984e-02 4.372499999999995314e-03 7.512749999999999984e-02 4.372499999999995314e-03
7.552500000000000879e-02 3.974999999999995030e-03 7.552500000000000879e-02 3.974999999999995030e-03 7.552500000000000879e-02 3.974999999999995030e-03 7.552500000000000879e-02 3.974999999999995030e-03 7.552500000000000879e-02 3.974999999999995030e-03
7.592250000000000387e-02 3.577499999999994313e-03 7.592250000000000387e-02 3.577499999999994313e-03 7.592250000000000387e-02 3.577499999999994313e-03 7.592250000000000387e-02 3.577499999999994313e-03 7.592250000000000387e-02 3.577499999999994313e-03
7.631999999999999895e-02 3.180000000000002703e-03 7.631999999999999895e-02 3.180000000000002703e-03 7.631999999999999895e-02 3.180000000000002703e-03 7.631999999999999895e-02 3.180000000000002703e-03 7.631999999999999895e-02 3.180000000000002703e-03
7.671749999999999403e-02 2.782500000000002419e-03 7.671749999999999403e-02 2.782500000000002419e-03 7.671749999999999403e-02 2.782500000000002419e-03 7.671749999999999403e-02 2.782500000000002419e-03 7.671749999999999403e-02 2.782500000000002419e-03
7.711500000000000299e-02 2.385000000000002136e-03 7.711500000000000299e-02 2.385000000000002136e-03 7.711500000000000299e-02 2.385000000000002136e-03 7.711500000000000299e-02 2.385000000000002136e-03 7.711500000000000299e-02 2.385000000000002136e-03
7.751249999999999807e-02 1.987500000000001852e-03 7.751249999999999807e-02 1.987500000000001852e-03 7.751249999999999807e-02 1.987500000000001852e-03 7.751249999999999807e-02 1.987500000000001852e-03 7.751249999999999807e-02 1.987500000000001852e-03
7.790999999999999315e-02 1.590000000000001351e-03 7.790999999999999315e-02 1.590000000000001351e-03 7.790999999999999315e-02 1.590000000000001351e-03 7.790999999999999315e-02 1.590000000000001351e-03 7.790999999999999315e-02 1.590000000000001351e-03
7.830750000000000210e-02 1.192500000000001068e-03 7.830750000000000210e-02 1.192500000000001068e-03 7.830750000000000210e-02 1.192500000000001068e-03 7.830750000000000210e-02 1.192500000000001068e-03 7.830750000000000210e-02 1.192500000000001068e-03
7.870499999999999718e-02 7.950000000000006757e-04 7.870499999999999718e-02 7.950000000000006757e-04 7.870499999999999718e-02 7.950000000000006757e-04 7.870499999999999718e-02 7.950000000000006757e-04 7.870499999999999718e-02 7.950000000000006757e-04
7.910250000000000614e-02 3.975000000000003379e-04 7.910250000000000614e-02 3.975000000000003379e-04 7.910250000000000614e-02 3.975000000000003379e-04 7.910250000000000614e-02 3.975000000000003379e-04 7.910250000000000614e-02 3.975000000000003379e-04
7.950000000000000122e-02 0.000000000000000000e+00 7.950000000000000122e-02 0.000000000000000000e+00 7.950000000000000122e-02 0.000000000000000000e+00 7.950000000000000122e-02 0.000000000000000000e+00 7.950000000000000122e-02 0.000000000000000000e+00
