0.000000000000000000e+00 1.151881914225735271e+00 0.000000000000000000e+00
3.600000000000000000e+03 2.037622531147320615e-02 0.000000000000000000e+00
7.200000000000000000e+03 1.157127184178867729e+00 0.000000000000000000e+00
1.080000000000000000e+04 4.239913557704463543e+00 0.000000000000000000e+00
1.440000000000000000e+04 4.193086394775916048e+00 0.000000000000000000e+00
1.800000000000000000e+04 5.442707139735194488e+00 0.000000000000000000e+00
2.160000000000000000e+04 5.847770172445324377e+00 0.000000000000000000e+00
2.520000000000000000e+04 5.699324798915915480e+00 0.000000000000000000e+00
2.880000000000000000e+04 6.518957849718145070e+00 0.000000000000000000e+00
3.240000000000000000e+04 5.507292502051297944e+00 0.000000000000000000e+00
3.600000000000000000e+04 4.721229597162546199e+00 0.000000000000000000e+00
3.960000000000000000e+04 4.413912721197112532e+00 0.000000000000000000e+00
4.320000000000000000e+04 1.110013809368287951e+01 0.000000000000000000e+00
4.680000000000000000e+04 1.277086103281199669e+01 0.000000000000000000e+00
5.040000000000000000e+04 1.532593971346989292e+01 0.000000000000000000e+00
5.400000000000000000e+04 1.566112060858999477e+01 0.000000000000000000e+00
5.760000000000000000e+04 1.409894402860676266e+01 0.000000000000000000e+00
6.120000000000000000e+04 1.487947680262817585e+01 0.000000000000000000e+00
6.480000000000000000e+04 1.463299453993057320e+01 0.000000000000000000e+00
6.840000000000000000e+04 1.554134798531979023e+01 0.000000000000000000e+00
7.200000000000000000e+04 1.587672655111805753e+01 0.000000000000000000e+00
7.560000000000000000e+04 1.619242049703498765e+01 0.000000000000000000e+00
7.920000000000000000e+04 1.538420646106358269e+01 0.000000000000000000e+00
8.280000000000000000e+04 1.449394063258605136e+01 0.000000000000000000e+00
8.640000000000000000e+04 1.886347275552584080e+01 0.000000000000000000e+00
9.000000000000000000e+04 1.745240317440843825e+01 0.000000000000000000e+00
9.360000000000000000e+04 1.775462421808497737e+01 0.000000000000000000e+00
9.720000000000000000e+04 1.600006057191802000e+01 0.000000000000000000e+00
1.008000000000000000e+05 1.505599538211072108e+01 0.000000000000000000e+00
1.044000000000000000e+05 1.582501004828992031e+01 0.000000000000000000e+00
1.080000000000000000e+05 1.484211707245649414e+01 0.000000000000000000e+00
1.116000000000000000e+05 1.609967084611955812e+01 0.000000000000000000e+00
1.152000000000000000e+05 1.664471535016120995e+01 0.000000000000000000e+00
1.188000000000000000e+05 1.743208216850944936e+01 0.000000000000000000e+00
1.224000000000000000e+05 1.680468581511560799e+01 0.000000000000000000e+00
1.260000000000000000e+05 1.680254329469604357e+01 0.000000000000000000e+00
1.296000000000000000e+05 2.008748381894093171e+01 0.000000000000000000e+00
1.332000000000000000e+05 2.150970232243957980e+01 0.000000000000000000e+00
1.368000000000000000e+05 2.288445975553992184e+01 0.000000000000000000e+00
1.404000000000000000e+05 2.797728076685339360e+01 0.000000000000000000e+00
1.440000000000000000e+05 2.884852723658018547e+01 0.000000000000000000e+00
1.476000000000000000e+05 2.671364299462692671e+01 0.000000000000000000e+00
1.512000000000000000e+05 2.555129558966595127e+01 0.000000000000000000e+00
1.548000000000000000e+05 2.273835120532019616e+01 0.000000000000000000e+00
1.584000000000000000e+05 2.242247657791569537e+01 0.000000000000000000e+00
1.620000000000000000e+05 2.030945534939270658e+01 0.000000000000000000e+00
1.656000000000000000e+05 1.848587952919424993e+01 0.000000000000000000e+00
1.692000000000000000e+05 1.806586062558814021e+01 0.000000000000000000e+00
1.728000000000000000e+05 1.730567611218022606e+01 0.000000000000000000e+00
1.764000000000000000e+05 1.640413393151350618e+01 0.000000000000000000e+00
1.800000000000000000e+05 1.531589159393467448e+01 0.000000000000000000e+00
1.836000000000000000e+05 1.696008453708319408e+01 0.000000000000000000e+00
1.872000000000000000e+05 1.426421732210083704e+01 0.000000000000000000e+00
1.908000000000000000e+05 1.517698307590354290e+01 0.000000000000000000e+00
1.944000000000000000e+05 1.512593615436732719e+01 0.000000000000000000e+00
1.980000000000000000e+05 1.673464827257193477e+01 0.000000000000000000e+00
2.016000000000000000e+05 1.662613924952190558e+01 0.000000000000000000e+00
2.052000000000000000e+05 1.184372633215030213e+01 0.000000000000000000e+00
2.088000000000000000e+05 1.070409952298191669e+01 0.000000000000000000e+00
2.124000000000000000e+05 9.156277979517328802e+00 0.000000000000000000e+00
2.160000000000000000e+05 9.497201017801272016e+00 0.000000000000000000e+00
2.196000000000000000e+05 1.137199297460687220e+01 0.000000000000000000e+00
2.232000000000000000e+05 9.902134614058516249e+00 0.000000000000000000e+00
2.268000000000000000e+05 9.127761393659001854e+00 0.000000000000000000e+00
2.304000000000000000e+05 9.045705880540669597e+00 0.000000000000000000e+00
2.340000000000000000e+05 1.031877011540745315e+01 0.000000000000000000e+00
2.376000000000000000e+05 1.051139837315649395e+01 0.000000000000000000e+00
2.412000000000000000e+05 1.088573635942743323e+01 0.000000000000000000e+00
2.448000000000000000e+05 1.191323063267701343e+01 0.000000000000000000e+00
2.484000000000000000e+05 1.178095520038086264e+01 0.000000000000000000e+00
2.520000000000000000e+05 1.330171969401490983e+01 0.000000000000000000e+00
2.556000000000000000e+05 1.198170537992239204e+01 0.000000000000000000e+00
2.592000000000000000e+05 9.237436276943073565e+00 0.000000000000000000e+00
2.628000000000000000e+05 7.522438236764590336e+00 0.000000000000000000e+00
2.664000000000000000e+05 5.879649481947446077e+00 0.000000000000000000e+00
2.700000000000000000e+05 2.540646698365219613e+00 0.000000000000000000e+00
2.736000000000000000e+05 3.875932251426897235e+00 0.000000000000000000e+00
2.772000000000000000e+05 2.040745614255892626e+00 0.000000000000000000e+00
2.808000000000000000e+05 2.184174097678576842e+00 0.000000000000000000e+00
2.844000000000000000e+05 4.325115742075565706e+00 0.000000000000000000e+00
2.880000000000000000e+05 5.555161249215434971e+00 0.000000000000000000e+00
2.916000000000000000e+05 6.590565966216397342e+00 0.000000000000000000e+00
2.952000000000000000e+05 6.187576590178977654e+00 0.000000000000000000e+00
2.988000000000000000e+05 3.270214001923018809e+00 0.000000000000000000e+00
3.024000000000000000e+05 2.594875303862679505e+00 0.000000000000000000e+00
3.060000000000000000e+05 4.112782000193146992e+00 0.000000000000000000e+00
3.096000000000000000e+05 4.367158745994741409e+00 0.000000000000000000e+00
3.132000000000000000e+05 4.429424629809465941e+00 0.000000000000000000e+00
3.168000000000000000e+05 4.816118693717586829e+00 0.000000000000000000e+00
3.204000000000000000e+05 4.578356791172017104e+00 0.000000000000000000e+00
3.240000000000000000e+05 4.825557296917023287e+00 0.000000000000000000e+00
3.276000000000000000e+05 2.315187956056840246e+00 0.000000000000000000e+00
3.312000000000000000e+05 4.583558194497216576e+00 0.000000000000000000e+00
3.348000000000000000e+05 5.193726809699699132e+00 0.000000000000000000e+00
3.384000000000000000e+05 7.318899630745208995e+00 0.000000000000000000e+00
3.420000000000000000e+05 7.853340800114821718e+00 0.000000000000000000e+00
3.456000000000000000e+05 7.499291995036121428e+00 0.000000000000000000e+00
3.492000000000000000e+05 6.475807185852032077e+00 0.000000000000000000e+00
3.528000000000000000e+05 4.731069941840504889e+00 0.000000000000000000e+00
3.564000000000000000e+05 3.907536906629876849e+00 0.000000000000000000e+00
3.600000000000000000e+05 2.501529149499036819e+00 0.000000000000000000e+00
3.636000000000000000e+05 2.007726497268713217e+00 0.000000000000000000e+00
3.672000000000000000e+05 3.906259804312588013e+00 0.000000000000000000e+00
3.708000000000000000e+05 3.606319786159102314e+00 0.000000000000000000e+00
3.744000000000000000e+05 3.792670416342538875e+00 0.000000000000000000e+00
3.780000000000000000e+05 5.260829568607944040e+00 0.000000000000000000e+00
3.816000000000000000e+05 6.568049872500491659e+00 0.000000000000000000e+00
3.852000000000000000e+05 5.207032885857137749e+00 0.000000000000000000e+00
3.888000000000000000e+05 7.601819017061923311e+00 0.000000000000000000e+00
3.924000000000000000e+05 7.589956092370915286e+00 0.000000000000000000e+00
3.960000000000000000e+05 9.878104515652143647e+00 0.000000000000000000e+00
3.996000000000000000e+05 1.020463246180340633e+01 0.000000000000000000e+00
4.032000000000000000e+05 9.086312397793578910e+00 0.000000000000000000e+00
4.068000000000000000e+05 9.611605390250508307e+00 0.000000000000000000e+00
4.104000000000000000e+05 8.928850684770020862e+00 0.000000000000000000e+00
4.140000000000000000e+05 6.236160852751166495e+00 0.000000000000000000e+00
4.176000000000000000e+05 6.072878217912994536e+00 0.000000000000000000e+00
4.212000000000000000e+05 6.304831563525017835e+00 0.000000000000000000e+00
4.248000000000000000e+05 6.198772614884878962e+00 0.000000000000000000e+00
4.284000000000000000e+05 7.438704931242196672e+00 0.000000000000000000e+00
4.320000000000000000e+05 5.076648475978629449e+00 0.000000000000000000e+00
4.356000000000000000e+05 7.153680506284820773e+00 0.000000000000000000e+00
4.392000000000000000e+05 4.288164430005573458e+00 0.000000000000000000e+00
4.428000000000000000e+05 3.916885366251290801e+00 0.000000000000000000e+00
4.464000000000000000e+05 1.774296615244048247e+00 0.000000000000000000e+00
4.500000000000000000e+05 4.394227875491869106e+00 0.000000000000000000e+00
4.536000000000000000e+05 5.767374113546271275e+00 0.000000000000000000e+00
4.572000000000000000e+05 6.160395037708624955e+00 0.000000000000000000e+00
4.608000000000000000e+05 6.325581388190053111e+00 0.000000000000000000e+00
4.644000000000000000e+05 4.932473415333760158e+00 0.000000000000000000e+00
4.680000000000000000e+05 4.239064303147472401e+00 0.000000000000000000e+00
4.716000000000000000e+05 4.341385721042523294e+00 0.000000000000000000e+00
4.752000000000000000e+05 7.925684463091397625e+00 0.000000000000000000e+00
4.788000000000000000e+05 7.619482006520712503e+00 0.000000000000000000e+00
4.824000000000000000e+05 6.494592290648543376e+00 0.000000000000000000e+00
4.860000000000000000e+05 8.671994970865789298e+00 0.000000000000000000e+00
4.896000000000000000e+05 7.856094431205712603e+00 0.000000000000000000e+00
4.932000000000000000e+05 6.017681410252690988e+00 0.000000000000000000e+00
4.968000000000000000e+05 5.113885386192070115e+00 0.000000000000000000e+00
5.004000000000000000e+05 6.188465853827748830e+00 0.000000000000000000e+00
5.040000000000000000e+05 3.455504538419284621e+00 0.000000000000000000e+00
5.076000000000000000e+05 9.811459654421222254e+00 0.000000000000000000e+00
5.112000000000000000e+05 9.669693778496801784e+00 0.000000000000000000e+00
5.148000000000000000e+05 1.055515357215660188e+01 0.000000000000000000e+00
5.184000000000000000e+05 1.039479054744362863e+01 0.000000000000000000e+00
5.220000000000000000e+05 8.958866919145350494e+00 0.000000000000000000e+00
5.256000000000000000e+05 9.580825444705427074e+00 0.000000000000000000e+00
5.292000000000000000e+05 1.178735922075525266e+01 0.000000000000000000e+00
5.328000000000000000e+05 1.215056096698996235e+01 0.000000000000000000e+00
5.364000000000000000e+05 1.173237902908137009e+01 0.000000000000000000e+00
5.400000000000000000e+05 1.283048945243895034e+01 0.000000000000000000e+00
5.436000000000000000e+05 9.148341376462434837e+00 0.000000000000000000e+00
5.472000000000000000e+05 9.995394407918436031e+00 0.000000000000000000e+00
5.508000000000000000e+05 1.183600372915373278e+01 0.000000000000000000e+00
5.544000000000000000e+05 1.148544746797491101e+01 0.000000000000000000e+00
5.580000000000000000e+05 1.242861637357331084e+01 0.000000000000000000e+00
5.616000000000000000e+05 1.550193030202208888e+01 0.000000000000000000e+00
5.652000000000000000e+05 1.749543624670218023e+01 0.000000000000000000e+00
5.688000000000000000e+05 1.739193909191483201e+01 0.000000000000000000e+00
5.724000000000000000e+05 1.530721713310677856e+01 0.000000000000000000e+00
5.760000000000000000e+05 1.532978939120396689e+01 0.000000000000000000e+00
5.796000000000000000e+05 1.360427346633908030e+01 0.000000000000000000e+00
5.832000000000000000e+05 1.229368104523876326e+01 0.000000000000000000e+00
5.868000000000000000e+05 1.519009845813376458e+01 0.000000000000000000e+00
5.904000000000000000e+05 1.616503219061667096e+01 0.000000000000000000e+00
5.940000000000000000e+05 1.725398676424565636e+01 0.000000000000000000e+00
5.976000000000000000e+05 1.820153573017448778e+01 0.000000000000000000e+00
6.012000000000000000e+05 1.659041932283579968e+01 0.000000000000000000e+00
6.048000000000000000e+05 1.784917406014663754e+01 0.000000000000000000e+00
6.084000000000000000e+05 1.730660152234110072e+01 0.000000000000000000e+00
6.120000000000000000e+05 1.508969909563071354e+01 0.000000000000000000e+00
6.156000000000000000e+05 1.367760404411895614e+01 0.000000000000000000e+00
6.192000000000000000e+05 1.261160364135210976e+01 0.000000000000000000e+00
6.228000000000000000e+05 1.539146150211168695e+01 0.000000000000000000e+00
6.264000000000000000e+05 1.676160783633888229e+01 0.000000000000000000e+00
6.300000000000000000e+05 1.405708403454746502e+01 0.000000000000000000e+00
6.336000000000000000e+05 1.434299661821857086e+01 0.000000000000000000e+00
6.372000000000000000e+05 1.426942184790989820e+01 0.000000000000000000e+00
6.408000000000000000e+05 1.496889990297658990e+01 0.000000000000000000e+00
6.444000000000000000e+05 1.770684247310076387e+01 0.000000000000000000e+00
6.480000000000000000e+05 1.651140558195140429e+01 0.000000000000000000e+00
6.516000000000000000e+05 1.875806363158864798e+01 0.000000000000000000e+00
6.552000000000000000e+05 1.672534417620457248e+01 0.000000000000000000e+00
6.588000000000000000e+05 1.221754867067241790e+01 0.000000000000000000e+00
6.624000000000000000e+05 1.320392423543926341e+01 0.000000000000000000e+00
6.660000000000000000e+05 1.088114431508039992e+01 0.000000000000000000e+00
6.696000000000000000e+05 1.135486828939903248e+01 0.000000000000000000e+00
6.732000000000000000e+05 1.250754264922415970e+01 0.000000000000000000e+00
6.768000000000000000e+05 1.441944869097180870e+01 0.000000000000000000e+00
6.804000000000000000e+05 1.115672108444403676e+01 0.000000000000000000e+00
6.840000000000000000e+05 1.099148553451347965e+01 0.000000000000000000e+00
6.876000000000000000e+05 6.848531083852039458e+00 0.000000000000000000e+00
6.912000000000000000e+05 7.587269201784139661e+00 0.000000000000000000e+00
6.948000000000000000e+05 6.767072738554037237e+00 0.000000000000000000e+00
6.984000000000000000e+05 6.698493087629737275e+00 0.000000000000000000e+00
7.020000000000000000e+05 8.367487099912048976e+00 0.000000000000000000e+00
7.056000000000000000e+05 1.085876472956363514e+01 0.000000000000000000e+00
7.092000000000000000e+05 1.002832351986636361e+01 0.000000000000000000e+00
7.128000000000000000e+05 7.994486600793472952e+00 0.000000000000000000e+00
7.164000000000000000e+05 6.997256677941928515e+00 0.000000000000000000e+00
7.200000000000000000e+05 6.205523324625918491e+00 0.000000000000000000e+00
7.236000000000000000e+05 6.752477009463715873e+00 0.000000000000000000e+00
7.272000000000000000e+05 7.772333552246914579e+00 0.000000000000000000e+00
7.308000000000000000e+05 8.385941294526594092e+00 0.000000000000000000e+00
7.344000000000000000e+05 7.436853204902343251e+00 0.000000000000000000e+00
7.380000000000000000e+05 7.778993611896651394e+00 0.000000000000000000e+00
7.416000000000000000e+05 6.221622103851761842e+00 0.000000000000000000e+00
7.452000000000000000e+05 5.189261500865403498e+00 0.000000000000000000e+00
7.488000000000000000e+05 5.732702948397164100e+00 0.000000000000000000e+00
7.524000000000000000e+05 6.391400187490260620e+00 0.000000000000000000e+00
7.560000000000000000e+05 4.227006467552637758e+00 0.000000000000000000e+00
7.596000000000000000e+05 4.030798683543948435e+00 0.000000000000000000e+00
7.632000000000000000e+05 3.622164674388779204e+00 0.000000000000000000e+00
7.668000000000000000e+05 4.507628994490912255e+00 0.000000000000000000e+00
7.704000000000000000e+05 1.433830971052369119e+00 0.000000000000000000e+00
7.740000000000000000e+05 2.046059685141794482e+00 0.000000000000000000e+00
7.776000000000000000e+05 3.079714077888334511e+00 0.000000000000000000e+00
7.812000000000000000e+05 4.350240193775116282e+00 0.000000000000000000e+00
7.848000000000000000e+05 4.633407719474386788e+00 0.000000000000000000e+00
7.884000000000000000e+05 3.897177547794928643e+00 0.000000000000000000e+00
7.920000000000000000e+05 9.533278550374436611e-01 0.000000000000000000e+00
7.956000000000000000e+05 4.139913159611566806e-01 0.000000000000000000e+00
7.992000000000000000e+05 1.792749621992453912e+00 0.000000000000000000e+00
8.028000000000000000e+05 7.785428557507212410e+00 0.000000000000000000e+00
8.064000000000000000e+05 7.610271740413292463e+00 0.000000000000000000e+00
8.100000000000000000e+05 1.046110669851974784e+01 0.000000000000000000e+00
8.136000000000000000e+05 1.035357355591162509e+01 0.000000000000000000e+00
8.172000000000000000e+05 1.054324597818874132e+01 0.000000000000000000e+00
8.208000000000000000e+05 1.231707920110352639e+01 0.000000000000000000e+00
8.244000000000000000e+05 9.635697684470819979e+00 0.000000000000000000e+00
8.280000000000000000e+05 1.180782953988091677e+01 0.000000000000000000e+00
8.316000000000000000e+05 1.100709643209877164e+01 0.000000000000000000e+00
8.352000000000000000e+05 1.295451315061614572e+01 0.000000000000000000e+00
8.388000000000000000e+05 1.278958881113673662e+01 0.000000000000000000e+00
8.424000000000000000e+05 1.059470602501588132e+01 0.000000000000000000e+00
8.460000000000000000e+05 1.128162886572938817e+01 0.000000000000000000e+00
8.496000000000000000e+05 1.105450403354257816e+01 0.000000000000000000e+00
8.532000000000000000e+05 1.043528630581296035e+01 0.000000000000000000e+00
8.568000000000000000e+05 8.256302540354532482e+00 0.000000000000000000e+00
8.604000000000000000e+05 8.969362420499066957e+00 0.000000000000000000e+00
8.640000000000000000e+05 9.903396724502181669e+00 0.000000000000000000e+00
8.676000000000000000e+05 1.014492219455852151e+01 0.000000000000000000e+00
8.712000000000000000e+05 1.267304175828592427e+01 0.000000000000000000e+00
8.748000000000000000e+05 1.131895778911481365e+01 0.000000000000000000e+00
8.784000000000000000e+05 1.083240175333460797e+01 0.000000000000000000e+00
8.820000000000000000e+05 1.006950189503228188e+01 0.000000000000000000e+00
8.856000000000000000e+05 1.433021648117464331e+01 0.000000000000000000e+00
8.892000000000000000e+05 1.577661336948233739e+01 0.000000000000000000e+00
8.928000000000000000e+05 2.065810575962863282e+01 0.000000000000000000e+00
8.964000000000000000e+05 2.054973785746495452e+01 0.000000000000000000e+00
9.000000000000000000e+05 2.131060780454631143e+01 0.000000000000000000e+00
9.036000000000000000e+05 2.011583469024513349e+01 0.000000000000000000e+00
9.072000000000000000e+05 2.043959757616169171e+01 0.000000000000000000e+00
9.108000000000000000e+05 2.075801398191125813e+01 0.000000000000000000e+00
9.144000000000000000e+05 1.993079090623131577e+01 0.000000000000000000e+00
9.180000000000000000e+05 2.051877356256364848e+01 0.000000000000000000e+00
9.216000000000000000e+05 1.913291120469014928e+01 0.000000000000000000e+00
9.252000000000000000e+05 1.851089583219586743e+01 0.000000000000000000e+00
9.288000000000000000e+05 1.897057870995773499e+01 0.000000000000000000e+00
9.324000000000000000e+05 1.600470875791151926e+01 0.000000000000000000e+00
9.360000000000000000e+05 1.625997562111485450e+01 0.000000000000000000e+00
9.396000000000000000e+05 1.561133154644481458e+01 0.000000000000000000e+00
9.432000000000000000e+05 1.569990653272377301e+01 0.000000000000000000e+00
9.468000000000000000e+05 2.015169140725393504e+01 0.000000000000000000e+00
9.504000000000000000e+05 2.014767346567964523e+01 0.000000000000000000e+00
9.540000000000000000e+05 2.013065720476896558e+01 0.000000000000000000e+00
9.576000000000000000e+05 2.247633782275766023e+01 0.000000000000000000e+00
9.612000000000000000e+05 2.191639050468897665e+01 0.000000000000000000e+00
9.648000000000000000e+05 2.177574130296913069e+01 0.000000000000000000e+00
9.684000000000000000e+05 1.620456367204119985e+01 0.000000000000000000e+00
9.720000000000000000e+05 1.784089891554904028e+01 0.000000000000000000e+00
9.756000000000000000e+05 1.482589375299756895e+01 0.000000000000000000e+00
9.792000000000000000e+05 1.400209845597256475e+01 0.000000000000000000e+00
9.828000000000000000e+05 1.550671890328113633e+01 0.000000000000000000e+00
9.864000000000000000e+05 1.692842794799905803e+01 0.000000000000000000e+00
9.900000000000000000e+05 1.421182956336339132e+01 0.000000000000000000e+00
9.936000000000000000e+05 1.480932052225514184e+01 0.000000000000000000e+00
9.972000000000000000e+05 1.536296626177401059e+01 0.000000000000000000e+00
1.000800000000000000e+06 1.587941272068564480e+01 0.000000000000000000e+00
1.004400000000000000e+06 1.619357521124493360e+01 0.000000000000000000e+00
1.008000000000000000e+06 1.434894040788475067e+01 0.000000000000000000e+00
1.011600000000000000e+06 1.464844535195214981e+01 0.000000000000000000e+00
1.015200000000000000e+06 1.465827042348424314e+01 0.000000000000000000e+00
1.018800000000000000e+06 1.725070743922810479e+01 0.000000000000000000e+00
1.022400000000000000e+06 2.161317354381322886e+01 0.000000000000000000e+00
1.026000000000000000e+06 2.216042291760137317e+01 0.000000000000000000e+00
1.029600000000000000e+06 1.917613975390945313e+01 0.000000000000000000e+00
1.033200000000000000e+06 1.744309390450609243e+01 0.000000000000000000e+00
1.036800000000000000e+06 1.879819389870626622e+01 0.000000000000000000e+00
1.040400000000000000e+06 1.806466302547841707e+01 0.000000000000000000e+00
1.044000000000000000e+06 1.809363727540472766e+01 0.000000000000000000e+00
1.047600000000000000e+06 1.783865743844931018e+01 0.000000000000000000e+00
1.051200000000000000e+06 1.715944586182338227e+01 0.000000000000000000e+00
1.054800000000000000e+06 1.611886819796488268e+01 0.000000000000000000e+00
1.058400000000000000e+06 1.466934395597727558e+01 0.000000000000000000e+00
1.062000000000000000e+06 1.497943807789518011e+01 0.000000000000000000e+00
1.065600000000000000e+06 1.317280248386200725e+01 0.000000000000000000e+00
1.069200000000000000e+06 1.564274755285025087e+01 0.000000000000000000e+00
1.072800000000000000e+06 1.474674014182570225e+01 0.000000000000000000e+00
1.076400000000000000e+06 1.765586884291220215e+01 0.000000000000000000e+00
1.080000000000000000e+06 1.899491533316363245e+01 0.000000000000000000e+00
1.083600000000000000e+06 1.768515740820365778e+01 0.000000000000000000e+00
1.087200000000000000e+06 1.683867445380785455e+01 0.000000000000000000e+00
1.090800000000000000e+06 1.591596498004032689e+01 0.000000000000000000e+00
1.094400000000000000e+06 1.418067116201868139e+01 0.000000000000000000e+00
1.098000000000000000e+06 1.418759887216645055e+01 0.000000000000000000e+00
1.101600000000000000e+06 1.328954899196368267e+01 0.000000000000000000e+00
1.105200000000000000e+06 1.058588182801083555e+01 0.000000000000000000e+00
1.108800000000000000e+06 8.045461039845612561e+00 0.000000000000000000e+00
1.112400000000000000e+06 6.968794127059219967e+00 0.000000000000000000e+00
1.116000000000000000e+06 6.474866521143896492e+00 0.000000000000000000e+00
1.119600000000000000e+06 5.739162014278021751e+00 0.000000000000000000e+00
1.123200000000000000e+06 7.828020342627961980e+00 0.000000000000000000e+00
1.126800000000000000e+06 9.546281253192374194e+00 0.000000000000000000e+00
1.130400000000000000e+06 1.209343741594603827e+01 0.000000000000000000e+00
1.134000000000000000e+06 1.192784353109506945e+01 0.000000000000000000e+00
1.137600000000000000e+06 1.163149906090120034e+01 0.000000000000000000e+00
1.141200000000000000e+06 1.194561553601970694e+01 0.000000000000000000e+00
1.144800000000000000e+06 1.168722391678612027e+01 0.000000000000000000e+00
1.148400000000000000e+06 9.457568012539137925e+00 0.000000000000000000e+00
1.152000000000000000e+06 9.963769923366987413e+00 0.000000000000000000e+00
1.155600000000000000e+06 7.082447852786571296e+00 0.000000000000000000e+00
1.159200000000000000e+06 1.186515237054326910e+01 0.000000000000000000e+00
1.162800000000000000e+06 1.288637508093056461e+01 0.000000000000000000e+00
1.166400000000000000e+06 1.199159773241061622e+01 0.000000000000000000e+00
1.170000000000000000e+06 1.018129934530611536e+01 0.000000000000000000e+00
1.173600000000000000e+06 1.122266514478754473e+01 0.000000000000000000e+00
1.177200000000000000e+06 1.059292526083710939e+01 0.000000000000000000e+00
1.180800000000000000e+06 1.175653396477853541e+01 0.000000000000000000e+00
1.184400000000000000e+06 1.006708156836217860e+01 0.000000000000000000e+00
1.188000000000000000e+06 1.141717265417801208e+01 0.000000000000000000e+00
1.191600000000000000e+06 1.281439372622118178e+01 0.000000000000000000e+00
1.195200000000000000e+06 1.056129494477635866e+01 0.000000000000000000e+00
1.198800000000000000e+06 1.043928798911846378e+01 0.000000000000000000e+00
1.202400000000000000e+06 1.046091395688174153e+01 0.000000000000000000e+00
1.206000000000000000e+06 9.352981291589648194e+00 0.000000000000000000e+00
1.209600000000000000e+06 8.522938628102590286e+00 0.000000000000000000e+00
1.213200000000000000e+06 1.187561906528015676e+01 0.000000000000000000e+00
1.216800000000000000e+06 1.359863679222466359e+01 0.000000000000000000e+00
1.220400000000000000e+06 1.428718758424455260e+01 0.000000000000000000e+00
1.224000000000000000e+06 1.194882623978775626e+01 0.000000000000000000e+00
1.227600000000000000e+06 1.313887593578741075e+01 0.000000000000000000e+00
1.231200000000000000e+06 1.252670180905122876e+01 0.000000000000000000e+00
1.234800000000000000e+06 1.335979626084879968e+01 0.000000000000000000e+00
1.238400000000000000e+06 1.436030457387287385e+01 0.000000000000000000e+00
1.242000000000000000e+06 1.402686767850092231e+01 0.000000000000000000e+00
1.245600000000000000e+06 1.262792214811709535e+01 0.000000000000000000e+00
1.249200000000000000e+06 1.298738099489173337e+01 0.000000000000000000e+00
1.252800000000000000e+06 1.237744496340942391e+01 0.000000000000000000e+00
1.256400000000000000e+06 1.120724301225502906e+01 0.000000000000000000e+00
1.260000000000000000e+06 1.164517734505150059e+01 0.000000000000000000e+00
1.263600000000000000e+06 1.003096951798696068e+01 0.000000000000000000e+00
1.267200000000000000e+06 1.256628884493010467e+01 0.000000000000000000e+00
1.270800000000000000e+06 1.246553232579154624e+01 0.000000000000000000e+00
1.274400000000000000e+06 1.395149254019544571e+01 0.000000000000000000e+00
1.278000000000000000e+06 1.380342043149993003e+01 0.000000000000000000e+00
1.281600000000000000e+06 1.087934170602449591e+01 0.000000000000000000e+00
1.285200000000000000e+06 1.060027626545087998e+01 0.000000000000000000e+00
1.288800000000000000e+06 1.177878586684072815e+01 0.000000000000000000e+00
1.292400000000000000e+06 9.850794228470073577e+00 0.000000000000000000e+00
1.296000000000000000e+06 9.419502949741222153e+00 0.000000000000000000e+00
1.299600000000000000e+06 8.128761035771834287e+00 0.000000000000000000e+00
1.303200000000000000e+06 1.022900238042570109e+01 0.000000000000000000e+00
1.306800000000000000e+06 1.195784078812294382e+01 0.000000000000000000e+00
1.310400000000000000e+06 9.029423204278858250e+00 0.000000000000000000e+00
1.314000000000000000e+06 1.071982332360627410e+01 0.000000000000000000e+00
1.317600000000000000e+06 1.299525705305052625e+01 0.000000000000000000e+00
1.321200000000000000e+06 1.229521747524810671e+01 0.000000000000000000e+00
1.324800000000000000e+06 9.903544791117376178e+00 0.000000000000000000e+00
1.328400000000000000e+06 5.756911049054577845e+00 0.000000000000000000e+00
1.332000000000000000e+06 5.560209797409846999e+00 0.000000000000000000e+00
1.335600000000000000e+06 5.361655155000462969e+00 0.000000000000000000e+00
1.339200000000000000e+06 6.600440980326731655e+00 0.000000000000000000e+00
1.342800000000000000e+06 6.654119745875840763e+00 0.000000000000000000e+00
1.346400000000000000e+06 5.481142640473999350e+00 0.000000000000000000e+00
1.350000000000000000e+06 6.454134272407927142e+00 0.000000000000000000e+00
1.353600000000000000e+06 4.083698081122866697e+00 0.000000000000000000e+00
1.357200000000000000e+06 2.333374464893631650e+00 0.000000000000000000e+00
1.360800000000000000e+06 2.932267262321146983e+00 0.000000000000000000e+00
1.364400000000000000e+06 2.749844457023812083e+00 0.000000000000000000e+00
1.368000000000000000e+06 2.418172120874293451e+00 0.000000000000000000e+00
1.371600000000000000e+06 2.160651877593525505e+00 0.000000000000000000e+00
1.375200000000000000e+06 2.747118112879172180e+00 0.000000000000000000e+00
1.378800000000000000e+06 4.919193429796987260e+00 0.000000000000000000e+00
1.382400000000000000e+06 8.661366993311590434e+00 0.000000000000000000e+00
1.386000000000000000e+06 1.194984832496487570e+01 0.000000000000000000e+00
1.389600000000000000e+06 1.831772572690467626e+01 0.000000000000000000e+00
1.393200000000000000e+06 1.771482608882892862e+01 0.000000000000000000e+00
1.396800000000000000e+06 1.648096211126439670e+01 0.000000000000000000e+00
1.400400000000000000e+06 1.667894335309949128e+01 0.000000000000000000e+00
1.404000000000000000e+06 1.247173910782001727e+01 0.000000000000000000e+00
1.407600000000000000e+06 1.426598342366467342e+01 0.000000000000000000e+00
1.411200000000000000e+06 1.468580729272043861e+01 0.000000000000000000e+00
1.414800000000000000e+06 1.420401183126967659e+01 0.000000000000000000e+00
1.418400000000000000e+06 1.660780324979941014e+01 0.000000000000000000e+00
1.422000000000000000e+06 1.728444515508079249e+01 0.000000000000000000e+00
1.425600000000000000e+06 1.687708726189319819e+01 0.000000000000000000e+00
1.429200000000000000e+06 1.730838844938709897e+01 0.000000000000000000e+00
1.432800000000000000e+06 1.881881447722314249e+01 0.000000000000000000e+00
1.436400000000000000e+06 1.681141272437855960e+01 0.000000000000000000e+00
1.440000000000000000e+06 1.509782335888606219e+01 0.000000000000000000e+00
1.443600000000000000e+06 1.543325332270355688e+01 0.000000000000000000e+00
1.447200000000000000e+06 7.398406727585314258e+00 0.000000000000000000e+00
1.450800000000000000e+06 9.855483954632605403e+00 0.000000000000000000e+00
1.454400000000000000e+06 1.014017907263686524e+01 0.000000000000000000e+00
1.458000000000000000e+06 1.004986964310192121e+01 0.000000000000000000e+00
1.461600000000000000e+06 1.193463466538652185e+01 0.000000000000000000e+00
1.465200000000000000e+06 1.481330078918274751e+01 0.000000000000000000e+00
1.468800000000000000e+06 1.337104439778343590e+01 0.000000000000000000e+00
1.472400000000000000e+06 1.426140749555085030e+01 0.000000000000000000e+00
1.476000000000000000e+06 1.490614872569279115e+01 0.000000000000000000e+00
1.479600000000000000e+06 1.479047396996182506e+01 0.000000000000000000e+00
1.483200000000000000e+06 1.522941822093574515e+01 0.000000000000000000e+00
1.486800000000000000e+06 1.408575795279674203e+01 0.000000000000000000e+00
1.490400000000000000e+06 1.138989682253402691e+01 0.000000000000000000e+00
1.494000000000000000e+06 1.145840913698921781e+01 0.000000000000000000e+00
1.497600000000000000e+06 1.121359798854840051e+01 0.000000000000000000e+00
1.501200000000000000e+06 1.136972211770551233e+01 0.000000000000000000e+00
1.504800000000000000e+06 9.502602716351125522e+00 0.000000000000000000e+00
1.508400000000000000e+06 9.695894695029299015e+00 0.000000000000000000e+00
1.512000000000000000e+06 8.606077442535479349e+00 0.000000000000000000e+00
1.515600000000000000e+06 1.964740595111366783e+00 0.000000000000000000e+00
1.519200000000000000e+06 1.230346753407253191e+00 0.000000000000000000e+00
1.522800000000000000e+06 1.035903235064550731e+00 0.000000000000000000e+00
1.526400000000000000e+06 4.398153252825780513e+00 0.000000000000000000e+00
1.530000000000000000e+06 6.412661758393916500e+00 0.000000000000000000e+00
1.533600000000000000e+06 5.696048405918149982e+00 0.000000000000000000e+00
1.537200000000000000e+06 7.865792386917016543e+00 0.000000000000000000e+00
1.540800000000000000e+06 6.404060913114990150e+00 0.000000000000000000e+00
1.544400000000000000e+06 7.494176944258536643e+00 0.000000000000000000e+00
1.548000000000000000e+06 9.475131295099666673e+00 0.000000000000000000e+00
1.551600000000000000e+06 8.611597709647041299e+00 0.000000000000000000e+00
1.555200000000000000e+06 9.671012719796300061e+00 0.000000000000000000e+00
1.558800000000000000e+06 6.988215964406279568e+00 0.000000000000000000e+00
1.562400000000000000e+06 6.624933871353082537e+00 0.000000000000000000e+00
1.566000000000000000e+06 6.549836291990989601e+00 0.000000000000000000e+00
1.569600000000000000e+06 3.537514272964599193e+00 0.000000000000000000e+00
1.573200000000000000e+06 4.873590136542355289e+00 0.000000000000000000e+00
1.576800000000000000e+06 3.206217702585911766e+00 0.000000000000000000e+00
1.580400000000000000e+06 5.612311745141894015e+00 0.000000000000000000e+00
1.584000000000000000e+06 5.845069992197337250e+00 0.000000000000000000e+00
1.587600000000000000e+06 6.378350343454156857e+00 0.000000000000000000e+00
1.591200000000000000e+06 3.887922246228787682e+00 0.000000000000000000e+00
1.594800000000000000e+06 6.340510696302255944e+00 0.000000000000000000e+00
1.598400000000000000e+06 9.540526864648999350e+00 0.000000000000000000e+00
1.602000000000000000e+06 1.279597688047785553e+01 0.000000000000000000e+00
1.605600000000000000e+06 1.281585174706469665e+01 0.000000000000000000e+00
1.609200000000000000e+06 1.245977893782055368e+01 0.000000000000000000e+00
1.612800000000000000e+06 1.247158866343921702e+01 0.000000000000000000e+00
1.616400000000000000e+06 1.068228757728418010e+01 0.000000000000000000e+00
1.620000000000000000e+06 1.182833157246745515e+01 0.000000000000000000e+00
1.623600000000000000e+06 1.159848086196126715e+01 0.000000000000000000e+00
1.627200000000000000e+06 1.283477456914394033e+01 0.000000000000000000e+00
1.630800000000000000e+06 1.191773998074083352e+01 0.000000000000000000e+00
1.634400000000000000e+06 1.197139647939470386e+01 0.000000000000000000e+00
1.638000000000000000e+06 9.167155456013604820e+00 0.000000000000000000e+00
1.641600000000000000e+06 1.445287252988503646e+01 0.000000000000000000e+00
1.645200000000000000e+06 1.489916392999403172e+01 0.000000000000000000e+00
1.648800000000000000e+06 1.313610784779637264e+01 0.000000000000000000e+00
1.652400000000000000e+06 5.341676186257515724e+00 0.000000000000000000e+00
1.656000000000000000e+06 5.639411032043923910e+00 0.000000000000000000e+00
1.659600000000000000e+06 5.418364843610651960e+00 0.000000000000000000e+00
1.663200000000000000e+06 3.199395974105141427e+00 0.000000000000000000e+00
1.666800000000000000e+06 1.176223482028209588e+00 0.000000000000000000e+00
1.670400000000000000e+06 2.895485744399930006e+00 0.000000000000000000e+00
1.674000000000000000e+06 1.877148375644368761e+00 0.000000000000000000e+00
1.677600000000000000e+06 2.518392645186853240e+00 0.000000000000000000e+00
1.681200000000000000e+06 2.337728005869993630e+00 0.000000000000000000e+00
1.684800000000000000e+06 9.037414330691062592e-01 0.000000000000000000e+00
1.688400000000000000e+06 9.942833978326328648e-01 0.000000000000000000e+00
1.692000000000000000e+06 2.238305188495195885e+00 0.000000000000000000e+00
1.695600000000000000e+06 5.287374978082964638e+00 0.000000000000000000e+00
1.699200000000000000e+06 5.071809695617981895e+00 0.000000000000000000e+00
1.702800000000000000e+06 5.751048271165856818e+00 0.000000000000000000e+00
1.706400000000000000e+06 5.140107278468124541e+00 0.000000000000000000e+00
1.710000000000000000e+06 8.157896596518375176e+00 0.000000000000000000e+00
1.713600000000000000e+06 8.281484078128595883e+00 0.000000000000000000e+00
1.717200000000000000e+06 8.650017922723041153e+00 0.000000000000000000e+00
1.720800000000000000e+06 6.625292070947300438e+00 0.000000000000000000e+00
1.724400000000000000e+06 6.529674169588415289e+00 0.000000000000000000e+00
1.728000000000000000e+06 3.785990138395339155e+00 0.000000000000000000e+00
1.731600000000000000e+06 3.427266241128475777e+00 0.000000000000000000e+00
1.735200000000000000e+06 3.009270617215164201e+00 0.000000000000000000e+00
1.738800000000000000e+06 3.515029501231190956e+00 0.000000000000000000e+00
1.742400000000000000e+06 5.443472455504595686e+00 0.000000000000000000e+00
1.746000000000000000e+06 6.980025272018695937e+00 0.000000000000000000e+00
1.749600000000000000e+06 5.006433822228789410e+00 0.000000000000000000e+00
1.753200000000000000e+06 3.288081727702254931e+00 0.000000000000000000e+00
1.756800000000000000e+06 4.744737823939636279e+00 0.000000000000000000e+00
1.760400000000000000e+06 3.129862975006211911e+00 0.000000000000000000e+00
1.764000000000000000e+06 5.586461387512401622e+00 0.000000000000000000e+00
1.767600000000000000e+06 3.256428691909174500e+00 0.000000000000000000e+00
1.771200000000000000e+06 2.124256469959646676e+00 0.000000000000000000e+00
1.774800000000000000e+06 1.761838959156320161e+00 0.000000000000000000e+00
1.778400000000000000e+06 1.616661031271356963e+00 0.000000000000000000e+00
1.782000000000000000e+06 2.972333915514845160e+00 0.000000000000000000e+00
1.785600000000000000e+06 4.241489351526738005e+00 0.000000000000000000e+00
1.789200000000000000e+06 6.278355848733501610e+00 0.000000000000000000e+00
1.792800000000000000e+06 6.059929260942481299e+00 0.000000000000000000e+00
1.796400000000000000e+06 1.055685550617944379e+01 0.000000000000000000e+00
1.800000000000000000e+06 1.057752015286527403e+01 0.000000000000000000e+00
1.803600000000000000e+06 1.073037830737523635e+01 0.000000000000000000e+00
1.807200000000000000e+06 1.199030194031077556e+01 0.000000000000000000e+00
1.810800000000000000e+06 1.265099003228852403e+01 0.000000000000000000e+00
1.814400000000000000e+06 1.162176752813411085e+01 0.000000000000000000e+00
1.818000000000000000e+06 1.430517703913619343e+01 0.000000000000000000e+00
1.821600000000000000e+06 1.551676941372256202e+01 0.000000000000000000e+00
1.825200000000000000e+06 1.488699953450998059e+01 0.000000000000000000e+00
1.828800000000000000e+06 1.701877330672283506e+01 0.000000000000000000e+00
1.832400000000000000e+06 1.871384271552471290e+01 0.000000000000000000e+00
1.836000000000000000e+06 1.867145034262390979e+01 0.000000000000000000e+00
1.839600000000000000e+06 1.486040173177502233e+01 0.000000000000000000e+00
1.843200000000000000e+06 1.047910324671639692e+01 0.000000000000000000e+00
1.846800000000000000e+06 8.740239633846691447e+00 0.000000000000000000e+00
1.850400000000000000e+06 5.345623560406767893e+00 0.000000000000000000e+00
1.854000000000000000e+06 1.098476814086831865e+01 0.000000000000000000e+00
1.857600000000000000e+06 1.083924781329107390e+01 0.000000000000000000e+00
1.861200000000000000e+06 4.897576595353420714e+00 0.000000000000000000e+00
1.864800000000000000e+06 4.166248439647746160e+00 0.000000000000000000e+00
1.868400000000000000e+06 4.928040760514262431e+00 0.000000000000000000e+00
1.872000000000000000e+06 5.844748786231774851e+00 0.000000000000000000e+00
1.875600000000000000e+06 5.949759040658473275e+00 0.000000000000000000e+00
1.879200000000000000e+06 6.109600548462463365e+00 0.000000000000000000e+00
1.882800000000000000e+06 6.208653857943867926e+00 0.000000000000000000e+00
1.886400000000000000e+06 8.507999529052231225e+00 0.000000000000000000e+00
1.890000000000000000e+06 9.877202511733869983e+00 0.000000000000000000e+00
1.893600000000000000e+06 1.228324297049345404e+01 0.000000000000000000e+00
1.897200000000000000e+06 1.135393239766560924e+01 0.000000000000000000e+00
1.900800000000000000e+06 1.150592945347015217e+01 0.000000000000000000e+00
1.904400000000000000e+06 1.180860464678605659e+01 0.000000000000000000e+00
1.908000000000000000e+06 1.163516299816605404e+01 0.000000000000000000e+00
1.911600000000000000e+06 1.070483720331341893e+01 0.000000000000000000e+00
1.915200000000000000e+06 9.412085679706937213e+00 0.000000000000000000e+00
1.918800000000000000e+06 8.189816719866680472e+00 0.000000000000000000e+00
1.922400000000000000e+06 8.510431849155343897e+00 0.000000000000000000e+00
1.926000000000000000e+06 8.072770847354256318e+00 0.000000000000000000e+00
1.929600000000000000e+06 8.032732220409371848e+00 0.000000000000000000e+00
1.933200000000000000e+06 7.690213649673027341e+00 0.000000000000000000e+00
1.936800000000000000e+06 6.801210189502552517e+00 0.000000000000000000e+00
1.940400000000000000e+06 7.381340857432187263e+00 0.000000000000000000e+00
1.944000000000000000e+06 1.108964633562967705e+01 0.000000000000000000e+00
1.947600000000000000e+06 1.113149640278861163e+01 0.000000000000000000e+00
1.951200000000000000e+06 1.286917548683081058e+01 0.000000000000000000e+00
1.954800000000000000e+06 1.319774062139000570e+01 0.000000000000000000e+00
1.958400000000000000e+06 1.386639964490443866e+01 0.000000000000000000e+00
1.962000000000000000e+06 1.100199469659992957e+01 0.000000000000000000e+00
1.965600000000000000e+06 1.007956396908834762e+01 0.000000000000000000e+00
1.969200000000000000e+06 1.021266647534636363e+01 0.000000000000000000e+00
1.972800000000000000e+06 8.057495559196759416e+00 0.000000000000000000e+00
1.976400000000000000e+06 7.746188952982141274e+00 0.000000000000000000e+00
1.980000000000000000e+06 7.034605743761386698e+00 0.000000000000000000e+00
1.983600000000000000e+06 6.015263003227659944e+00 0.000000000000000000e+00
1.987200000000000000e+06 1.281115759910088769e+01 0.000000000000000000e+00
1.990800000000000000e+06 1.342670763001288492e+01 0.000000000000000000e+00
1.994400000000000000e+06 1.229878619374614246e+01 0.000000000000000000e+00
1.998000000000000000e+06 1.266017600676461718e+01 0.000000000000000000e+00
2.001600000000000000e+06 1.130914374794252808e+01 0.000000000000000000e+00
2.005200000000000000e+06 1.148845299519327590e+01 0.000000000000000000e+00
2.008800000000000000e+06 1.150385341384898297e+01 0.000000000000000000e+00
2.012400000000000000e+06 9.108369576051217109e+00 0.000000000000000000e+00
2.016000000000000000e+06 9.053396030138195272e+00 0.000000000000000000e+00
2.019600000000000000e+06 7.126375646020028931e+00 0.000000000000000000e+00
2.023200000000000000e+06 8.390074938433722096e+00 0.000000000000000000e+00
2.026800000000000000e+06 7.756146513101656481e+00 0.000000000000000000e+00
2.030400000000000000e+06 7.060598181069586587e+00 0.000000000000000000e+00
2.034000000000000000e+06 8.869113764877241124e+00 0.000000000000000000e+00
2.037600000000000000e+06 4.790231325724426448e+00 0.000000000000000000e+00
2.041200000000000000e+06 5.164798108470606053e+00 0.000000000000000000e+00
2.044800000000000000e+06 7.770885340722057499e+00 0.000000000000000000e+00
2.048400000000000000e+06 7.102332383143257211e+00 0.000000000000000000e+00
2.052000000000000000e+06 5.490367584630154951e+00 0.000000000000000000e+00
2.055600000000000000e+06 6.956971086888565026e+00 0.000000000000000000e+00
2.059200000000000000e+06 6.266356693717092696e+00 0.000000000000000000e+00
2.062800000000000000e+06 7.400876884800317690e+00 0.000000000000000000e+00
2.066400000000000000e+06 6.765527773185619154e+00 0.000000000000000000e+00
2.070000000000000000e+06 6.145771917235698822e+00 0.000000000000000000e+00
2.073600000000000000e+06 7.571001222285355325e+00 0.000000000000000000e+00
2.077200000000000000e+06 7.773183273190649167e+00 0.000000000000000000e+00
2.080800000000000000e+06 8.112675423819267095e+00 0.000000000000000000e+00
2.084400000000000000e+06 9.939763734877098855e+00 0.000000000000000000e+00
2.088000000000000000e+06 1.143578309644419377e+01 0.000000000000000000e+00
2.091600000000000000e+06 1.217682303402451716e+01 0.000000000000000000e+00
2.095200000000000000e+06 1.128221532825037876e+01 0.000000000000000000e+00
2.098800000000000000e+06 9.519011392327721310e+00 0.000000000000000000e+00
2.102400000000000000e+06 9.301012423511322069e+00 0.000000000000000000e+00
2.106000000000000000e+06 7.497802219017939862e+00 0.000000000000000000e+00
2.109600000000000000e+06 8.475922594492828921e+00 0.000000000000000000e+00
2.113200000000000000e+06 7.956347962629965131e+00 0.000000000000000000e+00
2.116800000000000000e+06 9.235278475875789539e+00 0.000000000000000000e+00
2.120400000000000000e+06 9.968794923661871366e+00 0.000000000000000000e+00
2.124000000000000000e+06 9.734265211542298957e+00 0.000000000000000000e+00
2.127600000000000000e+06 8.707708940976415235e+00 0.000000000000000000e+00
2.131200000000000000e+06 8.356929669959045626e+00 0.000000000000000000e+00
2.134800000000000000e+06 1.027938079269614313e+01 0.000000000000000000e+00
2.138400000000000000e+06 9.082805627380350799e+00 0.000000000000000000e+00
2.142000000000000000e+06 1.009072658017648827e+01 0.000000000000000000e+00
2.145600000000000000e+06 7.887427524233420861e+00 0.000000000000000000e+00
2.149200000000000000e+06 1.074088962310339390e+01 0.000000000000000000e+00
2.152800000000000000e+06 1.006987097528157449e+01 0.000000000000000000e+00
2.156400000000000000e+06 4.785411381930405383e+00 0.000000000000000000e+00
2.160000000000000000e+06 8.398866054763820088e+00 0.000000000000000000e+00
2.163600000000000000e+06 9.434961622469774767e+00 0.000000000000000000e+00
2.167200000000000000e+06 1.320772100548609096e+01 0.000000000000000000e+00
2.170800000000000000e+06 1.474958845944505725e+01 0.000000000000000000e+00
2.174400000000000000e+06 1.400416830802715928e+01 0.000000000000000000e+00
2.178000000000000000e+06 1.573383816864281215e+01 0.000000000000000000e+00
2.181600000000000000e+06 1.558495224526711453e+01 0.000000000000000000e+00
2.185200000000000000e+06 1.565383110054176008e+01 0.000000000000000000e+00
2.188800000000000000e+06 1.568927457573150441e+01 0.000000000000000000e+00
2.192400000000000000e+06 1.594729401126433643e+01 0.000000000000000000e+00
2.196000000000000000e+06 1.504424649119973978e+01 0.000000000000000000e+00
2.199600000000000000e+06 1.349181076990622685e+01 0.000000000000000000e+00
2.203200000000000000e+06 1.318679614262227773e+01 0.000000000000000000e+00
2.206800000000000000e+06 1.374721132380341615e+01 0.000000000000000000e+00
2.210400000000000000e+06 1.140499436440892467e+01 0.000000000000000000e+00
2.214000000000000000e+06 1.181854377425290892e+01 0.000000000000000000e+00
2.217600000000000000e+06 1.257312169098566201e+01 0.000000000000000000e+00
2.221200000000000000e+06 1.303775800337995783e+01 0.000000000000000000e+00
2.224800000000000000e+06 1.261640932136115367e+01 0.000000000000000000e+00
2.228400000000000000e+06 1.032969350195068436e+01 0.000000000000000000e+00
2.232000000000000000e+06 1.026562718884764180e+01 0.000000000000000000e+00
2.235600000000000000e+06 1.065106927422398719e+01 0.000000000000000000e+00
2.239200000000000000e+06 8.405596001659819905e+00 0.000000000000000000e+00
2.242800000000000000e+06 9.430266309934706825e+00 0.000000000000000000e+00
2.246400000000000000e+06 6.356397550436863497e+00 0.000000000000000000e+00
2.250000000000000000e+06 5.813776898649840597e+00 0.000000000000000000e+00
2.253600000000000000e+06 5.135000070112246462e+00 0.000000000000000000e+00
2.257200000000000000e+06 4.791209650892299443e+00 0.000000000000000000e+00
2.260800000000000000e+06 3.506169690702154007e+00 0.000000000000000000e+00
2.264400000000000000e+06 4.793289060943163982e+00 0.000000000000000000e+00
2.268000000000000000e+06 4.274052952485812185e+00 0.000000000000000000e+00
2.271600000000000000e+06 5.527108493990853688e+00 0.000000000000000000e+00
2.275200000000000000e+06 6.675578778397836643e+00 0.000000000000000000e+00
2.278800000000000000e+06 5.401250870076439448e+00 0.000000000000000000e+00
2.282400000000000000e+06 5.923251680101042638e+00 0.000000000000000000e+00
2.286000000000000000e+06 5.814743883763813237e+00 0.000000000000000000e+00
2.289600000000000000e+06 6.154884979041582937e+00 0.000000000000000000e+00
2.293200000000000000e+06 4.121085654649921715e+00 0.000000000000000000e+00
2.296800000000000000e+06 4.573700086507819229e+00 0.000000000000000000e+00
2.300400000000000000e+06 4.411813166809191777e+00 0.000000000000000000e+00
2.304000000000000000e+06 8.703409665373264659e+00 0.000000000000000000e+00
2.307600000000000000e+06 8.676433923888655642e+00 0.000000000000000000e+00
2.311200000000000000e+06 1.346028056166001186e+01 0.000000000000000000e+00
2.314800000000000000e+06 1.112361707065478456e+01 0.000000000000000000e+00
2.318400000000000000e+06 9.310903199028574662e+00 0.000000000000000000e+00
2.322000000000000000e+06 9.361722389907990660e+00 0.000000000000000000e+00
2.325600000000000000e+06 9.966112725417087148e+00 0.000000000000000000e+00
2.329200000000000000e+06 9.495157063023594191e+00 0.000000000000000000e+00
2.332800000000000000e+06 9.074724840588599406e+00 0.000000000000000000e+00
2.336400000000000000e+06 1.128477393339986889e+01 0.000000000000000000e+00
2.340000000000000000e+06 9.407237801855707460e+00 0.000000000000000000e+00
2.343600000000000000e+06 1.016543798354703121e+01 0.000000000000000000e+00
2.347200000000000000e+06 9.497998419112919422e+00 0.000000000000000000e+00
2.350800000000000000e+06 1.001245292956913957e+01 0.000000000000000000e+00
2.354400000000000000e+06 1.146457225547625747e+01 0.000000000000000000e+00
2.358000000000000000e+06 1.266223494811605121e+01 0.000000000000000000e+00
2.361600000000000000e+06 1.242144734015429641e+01 0.000000000000000000e+00
2.365200000000000000e+06 9.233905965128638371e+00 0.000000000000000000e+00
2.368800000000000000e+06 9.253217138500218653e+00 0.000000000000000000e+00
2.372400000000000000e+06 1.060442351048061660e+01 0.000000000000000000e+00
2.376000000000000000e+06 1.012864501229958769e+01 0.000000000000000000e+00
2.379600000000000000e+06 1.022345383098880056e+01 0.000000000000000000e+00
2.383200000000000000e+06 1.021921662288829857e+01 0.000000000000000000e+00
2.386800000000000000e+06 1.078544606239019998e+01 0.000000000000000000e+00
2.390400000000000000e+06 1.078958715283965120e+01 0.000000000000000000e+00
2.394000000000000000e+06 9.329581276635323661e+00 0.000000000000000000e+00
2.397600000000000000e+06 9.903846285192608789e+00 0.000000000000000000e+00
2.401200000000000000e+06 7.014158633022544720e+00 0.000000000000000000e+00
2.404800000000000000e+06 5.423569045223016083e+00 0.000000000000000000e+00
2.408400000000000000e+06 4.534990185279672126e+00 0.000000000000000000e+00
2.412000000000000000e+06 4.660245542015018394e+00 0.000000000000000000e+00
2.415600000000000000e+06 5.172515623675040253e+00 0.000000000000000000e+00
2.419200000000000000e+06 4.695207597068970173e+00 0.000000000000000000e+00
2.422800000000000000e+06 5.926457121095963565e+00 0.000000000000000000e+00
2.426400000000000000e+06 5.372133547173975288e+00 0.000000000000000000e+00
2.430000000000000000e+06 2.650537596081970815e+00 0.000000000000000000e+00
2.433600000000000000e+06 2.936119062068999419e+00 0.000000000000000000e+00
2.437200000000000000e+06 6.449684093120815476e+00 0.000000000000000000e+00
2.440800000000000000e+06 5.325215367834523761e+00 0.000000000000000000e+00
2.444400000000000000e+06 5.232904497203400673e+00 0.000000000000000000e+00
2.448000000000000000e+06 5.257818907544648646e+00 0.000000000000000000e+00
2.451600000000000000e+06 4.449819541329297579e+00 0.000000000000000000e+00
2.455200000000000000e+06 2.135167272023624996e+00 0.000000000000000000e+00
2.458800000000000000e+06 1.146580083315296594e+00 0.000000000000000000e+00
2.462400000000000000e+06 1.470651716271514697e+00 0.000000000000000000e+00
2.466000000000000000e+06 5.656004683116010234e+00 0.000000000000000000e+00
2.469600000000000000e+06 6.181948280724430589e+00 0.000000000000000000e+00
2.473200000000000000e+06 7.365203671387083872e+00 0.000000000000000000e+00
2.476800000000000000e+06 8.001234572170961457e+00 0.000000000000000000e+00
2.480400000000000000e+06 8.892647572474027484e+00 0.000000000000000000e+00
2.484000000000000000e+06 8.779856660807276114e+00 0.000000000000000000e+00
2.487600000000000000e+06 6.154101272623954344e+00 0.000000000000000000e+00
2.491200000000000000e+06 7.344025561539731406e+00 0.000000000000000000e+00
2.494800000000000000e+06 1.079367453851687131e+01 0.000000000000000000e+00
2.498400000000000000e+06 9.947889664781603969e+00 0.000000000000000000e+00
2.502000000000000000e+06 1.019208394732501333e+01 0.000000000000000000e+00
2.505600000000000000e+06 8.083186150434602979e+00 0.000000000000000000e+00
2.509200000000000000e+06 8.871467348521246521e+00 0.000000000000000000e+00
2.512800000000000000e+06 8.046332198129878321e+00 0.000000000000000000e+00
2.516400000000000000e+06 8.526951130313515037e+00 0.000000000000000000e+00
2.520000000000000000e+06 3.915381772809951588e+00 0.000000000000000000e+00
2.523600000000000000e+06 3.407829686574649131e+00 0.000000000000000000e+00
2.527200000000000000e+06 7.669837191869815385e+00 0.000000000000000000e+00
2.530800000000000000e+06 8.114144046002808253e+00 0.000000000000000000e+00
2.534400000000000000e+06 1.026131945987761540e+01 0.000000000000000000e+00
2.538000000000000000e+06 8.506092345445248171e+00 0.000000000000000000e+00
2.541600000000000000e+06 7.574141380207102259e+00 0.000000000000000000e+00
2.545200000000000000e+06 8.748678592821038436e+00 0.000000000000000000e+00
2.548800000000000000e+06 6.363375429161478358e+00 0.000000000000000000e+00
2.552400000000000000e+06 9.370168661149877565e+00 0.000000000000000000e+00
2.556000000000000000e+06 3.205833347372465170e+00 0.000000000000000000e+00
2.559600000000000000e+06 3.751122663857865192e+00 0.000000000000000000e+00
2.563200000000000000e+06 2.784968354301255111e+00 0.000000000000000000e+00
2.566800000000000000e+06 3.289401415168748066e+00 0.000000000000000000e+00
2.570400000000000000e+06 8.581776869568280564e-02 0.000000000000000000e+00
2.574000000000000000e+06 4.404568422825020368e-01 0.000000000000000000e+00
2.577600000000000000e+06 1.248880195299614471e+00 0.000000000000000000e+00
2.581200000000000000e+06 6.031963121135589745e+00 0.000000000000000000e+00
2.584800000000000000e+06 6.607588933651368457e+00 0.000000000000000000e+00
2.588400000000000000e+06 7.386927938657038339e+00 0.000000000000000000e+00
2.592000000000000000e+06 4.833557840776245840e+00 0.000000000000000000e+00
