0.000000000000000000e+00
1.000000000000000000e+00
2.000000000000000000e+00
3.000000000000000000e+00
4.000000000000000000e+00
5.000000000000000000e+00
6.000000000000000000e+00
7.000000000000000000e+00
8.000000000000000000e+00
9.000000000000000000e+00
1.000000000000000000e+01
1.100000000000000000e+01
1.200000000000000000e+01
1.300000000000000000e+01
1.400000000000000000e+01
1.500000000000000000e+01
1.600000000000000000e+01
1.700000000000000000e+01
1.800000000000000000e+01
1.900000000000000000e+01
2.000000000000000000e+01
2.100000000000000000e+01
2.200000000000000000e+01
2.300000000000000000e+01
2.400000000000000000e+01
2.500000000000000000e+01
2.600000000000000000e+01
2.700000000000000000e+01
2.800000000000000000e+01
2.900000000000000000e+01
3.000000000000000000e+01
3.100000000000000000e+01
3.200000000000000000e+01
3.300000000000000000e+01
3.400000000000000000e+01
3.500000000000000000e+01
3.600000000000000000e+01
3.700000000000000000e+01
3.800000000000000000e+01
3.900000000000000000e+01
4.000000000000000000e+01
4.100000000000000000e+01
4.200000000000000000e+01
4.300000000000000000e+01
4.400000000000000000e+01
4.500000000000000000e+01
4.600000000000000000e+01
4.700000000000000000e+01
4.800000000000000000e+01
4.900000000000000000e+01
5.000000000000000000e+01
5.100000000000000000e+01
5.200000000000000000e+01
5.300000000000000000e+01
5.400000000000000000e+01
5.500000000000000000e+01
5.600000000000000000e+01
5.700000000000000000e+01
5.800000000000000000e+01
5.900000000000000000e+01
6.000000000000000000e+01
6.100000000000000000e+01
6.200000000000000000e+01
6.300000000000000000e+01
6.400000000000000000e+01
6.500000000000000000e+01
6.600000000000000000e+01
6.700000000000000000e+01
6.800000000000000000e+01
6.900000000000000000e+01
7.000000000000000000e+01
7.100000000000000000e+01
7.200000000000000000e+01
7.300000000000000000e+01
7.400000000000000000e+01
7.500000000000000000e+01
7.600000000000000000e+01
7.700000000000000000e+01
7.800000000000000000e+01
7.900000000000000000e+01
8.000000000000000000e+01
8.100000000000000000e+01
8.200000000000000000e+01
8.300000000000000000e+01
8.400000000000000000e+01
8.500000000000000000e+01
8.600000000000000000e+01
8.700000000000000000e+01
8.800000000000000000e+01
8.900000000000000000e+01
9.000000000000000000e+01
9.100000000000000000e+01
9.200000000000000000e+01
9.300000000000000000e+01
9.400000000000000000e+01
9.500000000000000000e+01
9.600000000000000000e+01
9.700000000000000000e+01
9.800000000000000000e+01
9.900000000000000000e+01
1.000000000000000000e+02
1.010000000000000000e+02
1.020000000000000000e+02
1.030000000000000000e+02
1.040000000000000000e+02
1.050000000000000000e+02
1.060000000000000000e+02
1.070000000000000000e+02
1.080000000000000000e+02
1.090000000000000000e+02
11.00000000000000000e+01
11.10000000000000000e+01
11.20000000000000000e+01
11.30000000000000000e+01
11.40000000000000000e+01
11.50000000000000000e+01
11.600000000000000000e+01
11.700000000000000000e+01
11.800000000000000000e+01
11.900000000000000000e+01
12.000000000000000000e+01
12.100000000000000000e+01
12.200000000000000000e+01
12.300000000000000000e+01
12.400000000000000000e+01
12.500000000000000000e+01
12.600000000000000000e+01
12.700000000000000000e+01
12.800000000000000000e+01
12.900000000000000000e+01
13.000000000000000000e+01
13.100000000000000000e+01
13.200000000000000000e+01
13.300000000000000000e+01
13.400000000000000000e+01
13.500000000000000000e+01
13.600000000000000000e+01
13.700000000000000000e+01
13.800000000000000000e+01
13.900000000000000000e+01
14.000000000000000000e+01
14.100000000000000000e+01
14.200000000000000000e+01
14.300000000000000000e+01
14.400000000000000000e+01
14.500000000000000000e+01
14.600000000000000000e+01
14.700000000000000000e+01
14.800000000000000000e+01
14.900000000000000000e+01
15.000000000000000000e+01
15.100000000000000000e+01
15.200000000000000000e+01
15.300000000000000000e+01
15.400000000000000000e+01
15.500000000000000000e+01
15.600000000000000000e+01
15.700000000000000000e+01
15.800000000000000000e+01
15.900000000000000000e+01
16.000000000000000000e+01
16.100000000000000000e+01
16.200000000000000000e+01
16.300000000000000000e+01
16.400000000000000000e+01
16.500000000000000000e+01
16.600000000000000000e+01
16.700000000000000000e+01
16.800000000000000000e+01
16.900000000000000000e+01
17.000000000000000000e+01
17.100000000000000000e+01
17.200000000000000000e+01
17.300000000000000000e+01
17.400000000000000000e+01
17.500000000000000000e+01
17.600000000000000000e+01
17.700000000000000000e+01
17.800000000000000000e+01
17.900000000000000000e+01
18.000000000000000000e+01
18.100000000000000000e+01
18.200000000000000000e+01
18.300000000000000000e+01
18.400000000000000000e+01
18.500000000000000000e+01
18.600000000000000000e+01
18.700000000000000000e+01
18.800000000000000000e+01
18.900000000000000000e+01
19.000000000000000000e+01
19.100000000000000000e+01
19.200000000000000000e+01
19.300000000000000000e+01
19.400000000000000000e+01
19.500000000000000000e+01
19.600000000000000000e+01
19.700000000000000000e+01
19.800000000000000000e+01
19.900000000000000000e+01
2.000000000000000000e+02